state       dE(eV)     f       Om      POS       PR       CT      COH    PRNTO    RMSeh
---------------------------------------------------------------------------------------
Singlet-A2   3.583 0.000  1.00049  1.50000  2.00000  0.69807  1.72873  1.08628  3.17949
Singlet-B1   3.635 0.000  1.00044  1.50000  2.00000  0.73703  1.63302  1.12817  3.25745
Singlet-B1   4.242 0.000  1.00102  1.50000  2.00000  0.26245  1.63168  1.12895  2.14142
Singlet-A2   4.284 0.000  1.00089  1.50000  2.00000  0.30140  1.72747  1.08690  2.25586
Singlet-B2   7.793 0.011  1.00119  1.50000  2.00000  0.95775  1.08807  1.80358  3.65604
Singlet-A1   7.851 0.001  1.00005  1.50000  2.00000  0.99241  1.01529  1.98396  3.71707
Singlet-A2   7.938 0.000  1.00032  1.50000  2.00000  0.73578  1.63617  1.12969  3.32662
Singlet-B1   8.010 0.047  1.00030  1.50000  2.00000  0.82591  1.40364  1.27743  3.48186
Singlet-B2   8.460 0.000  1.00031  1.50000  2.00000  0.85169  1.33801  1.34025  3.46633
Singlet-A1   8.488 0.000  1.00027  1.50000  2.00000  0.87873  1.27085  1.41144  3.51718
