$coord
   11.68895805921315     -2.42342079077257      0.00000000000000       c
   10.00604323645858     -0.35547484499799      0.00000000000000       c
   11.04703629371401      2.10154723285075      0.00000000000000       c
   13.66179359644594      2.46288216866456      0.00000000000000       c
   15.30766978850774      0.38473925500776      0.00000000000000       c
   14.30724915019153     -2.06450470403091      0.00000000000000       c
    7.28232434720323     -0.86220532610562      0.00000000000000       c
    5.39756792627289      0.88070958354726      0.00000000000000       c
    2.67987726394836      0.36986139014094      0.00000000000000       c
    0.98190699422692      2.43084936202657      0.00000000000000       c
   -1.62778773408473      2.08151418791247      0.00000000000000       c
   -2.67987726394836     -0.36986139014094      0.00000000000000       c
   -0.98190699422692     -2.43084936202657      0.00000000000000       c
    1.62778773408473     -2.08151418791247      0.00000000000000       c
   -5.39756792627289     -0.88070958354726      0.00000000000000       c
   -7.28232434720323      0.86220532610562      0.00000000000000       c
  -10.00604323645858      0.35547484499799      0.00000000000000       c
  -11.68895805921315      2.42342079077257      0.00000000000000       c
  -14.30724915019153      2.06450470403091      0.00000000000000       c
  -15.30766978850774     -0.38473925500776      0.00000000000000       c
  -13.66179359644594     -2.46288216866456      0.00000000000000       c
  -11.04703629371401     -2.10154723285075      0.00000000000000       c
   17.35874069364368      0.67746759682872      0.00000000000000       h
    6.77648276548954     -2.87635110543717      0.00000000000000       h
    5.90104735013149      2.89536369864164      0.00000000000000       h
   -2.85821135197806      3.74751545476419      0.00000000000000       h
    9.80554266145705      3.75878016893411      0.00000000000000       h
    1.74475701223057      4.36008978551387      0.00000000000000       h
   14.42717017885617      4.38872108567959      0.00000000000000       h
    2.85821135197806     -3.74751545476419      0.00000000000000       h
   15.57155177441577     -3.70620408771146      0.00000000000000       h
   -1.74475701223057     -4.36008978551387      0.00000000000000       h
   10.91872488064141     -4.34916522223684      0.00000000000000       h
   -5.90104735013149     -2.89536369864164      0.00000000000000       h
   -6.77648276548954      2.87635110543717      0.00000000000000       h
  -10.91872488064141      4.34916522223684      0.00000000000000       h
  -15.57155177441577      3.70620408771146      0.00000000000000       h
  -17.35874069364368     -0.67746759682872      0.00000000000000       h
  -14.42717017885617     -4.38872108567959      0.00000000000000       h
   -9.80554266145705     -3.75878016893411      0.00000000000000       h
$end
