$coord
   -8.54208746450805      5.72220222421957      1.88269635167131      c
   -7.43977241667320      5.23803171226067      4.22786160039145      c
   -5.11561903282461      4.00881210597188      4.34921225374084      c
   -3.80906049482134      3.49030338045232      2.12630850636613      c
   -4.85206648797558      4.01825695718405     -0.24753144669442      c
   -7.21958530712163      5.19452265777711     -0.32871597108932      c
   -8.61599087411294      5.77618792038385      6.47043739680951      o
   -3.36437958986135      3.54466513211704     -2.62334805328998      c
   -2.16429578108940      5.99143150637179     -3.63482207619088      c
   -0.71268375485196      7.41453323444238     -1.75167785942608      n
   -4.23013683065545      7.70395801977674     -4.75060898162708      c
   -4.13909927420368     10.09063299273185     -3.92761246376792      o
   -5.78802138542798      6.94338482526519     -6.24283500191249      o
   -1.22068560307268      6.90913164938051      0.02961200850232      h
   -2.65817570591906     10.08972025500967     -2.79019764274085      h
   -0.92991533273170      5.51691560522580     -5.22120937022572      h
   -4.56903464614876      2.76589387494581     -4.10448705035375      h
   -1.85617215567013      2.18947827153623     -2.23334448425890      h
   -1.99959669997775      2.53047935221544      2.23790439341756      h
   -8.10060775561717      5.59039004699853     -2.13380882938755      h
   -4.30546509376454      3.58667752350336      6.17984476072502      h
  -10.38418493994044      6.61836704821793      1.77899385067694      h
  -10.19135917506692      6.61757336324211      6.10572970179324      h
    1.16901482142119      7.13641468056106     -1.94063535490558      h
$user-defined bonds
$end
