2
     1(2)A  1.00000  0.27603  0.27635  0.19731  0.25032
     2(2)A  1.00000  0.53063  0.03669  0.41012  0.02256
     3(2)A  1.00000  0.47419  0.50363  0.01663  0.00556
     4(2)A  1.00000  0.14886  0.42690  0.01475  0.40949
     5(2)A  1.00000  0.82853  0.09088  0.02382  0.05676
     6(2)A  1.00000  0.45833  0.53863  0.00118  0.00187
     7(2)A  1.00000  0.98997  0.00750  0.00231  0.00022
     8(2)A  1.00000  0.00279  0.03293  0.16097  0.80331
     9(2)A  1.00000  0.00303  0.00465  0.43468  0.55764
    10(2)A  1.00000  0.00062  0.00076  0.45511  0.54352
