2
     1(3)a  0.95348  0.86167  0.06230  0.02703  0.00248
     2(3)a  0.95479  0.83375  0.08333  0.03452  0.00320
     1(1)a  0.95339  0.83560  0.08583  0.02899  0.00297
     3(3)a  0.95771  0.86660  0.07398  0.01553  0.00159
     4(3)a  0.91861  0.00215  0.00908  0.05779  0.84958
     2(1)a  0.92015  0.00234  0.00926  0.06510  0.84343
     3(1)a  0.95205  0.82498  0.09841  0.02557  0.00308
     5(3)a  0.95874  0.85562  0.09471  0.00762  0.00079
     6(3)a  0.93812  0.00465  0.01796  0.03119  0.88432
     4(1)a  0.95077  0.72162  0.12550  0.08154  0.02211
     5(1)a  0.95256  0.83171  0.08594  0.02959  0.00531
