 C     6.0    5.79951626   -0.32099453    0.00000000   12.00000000
 C     6.0   -5.79951626    0.32099453    0.00000000   12.00000000
 C     6.0    3.52095817    0.80299372    0.00000000   12.00000000
 C     6.0   -3.52095817   -0.80299372    0.00000000   12.00000000
 C     6.0    1.14646844   -0.56341423    0.00000000   12.00000000
 C     6.0   -1.14646844    0.56341423    0.00000000   12.00000000
 H     1.0    7.53705876    0.76522375    0.00000000    1.00782504
 H     1.0   -7.53705876   -0.76522375    0.00000000    1.00782504
 H     1.0    5.98318057   -2.36569697    0.00000000    1.00782504
 H     1.0   -5.98318057    2.36569697    0.00000000    1.00782504
 H     1.0    3.40949272    2.85977724    0.00000000    1.00782504
 H     1.0   -3.40949272   -2.85977724    0.00000000    1.00782504
 H     1.0    1.25120643   -2.62313061    0.00000000    1.00782504
 H     1.0   -1.25120643    2.62313061    0.00000000    1.00782504
