
       #      w [eV]       Osc.Str.        Transition

 ==========================================================

       1      5.090       0.1085720       29   ->    30  
       2      5.090       0.1085880       28   ->    30  
       3      5.187       0.1110658       29   ->    31  
       4      5.187       0.1110800       28   ->    31  
       5      5.249       0.2549599       29   ->    32  
       6      5.249       0.0243497       28   ->    32  
       7      5.249       0.0243599       29   ->    33  
       8      5.250       0.2549290       28   ->    33  
       9      5.284       0.2528242       27   ->    30  
      10      5.342       0.0000011       26   ->    30  
      11      5.382       0.0000118       27   ->    31  
      12      5.439       0.2202782       26   ->    31  
      13      5.443       0.1153778       27   ->    32  
      14      5.444       0.1153774       27   ->    33  
      15      5.501       0.1165264       26   ->    32  
      16      5.502       0.1165496       26   ->    33  
      17      6.019       0.0000001       25   ->    30  
      18      6.117       0.0000004       25   ->    31  
      19      6.178       0.0019771       25   ->    32  
      20      6.179       0.0019758       25   ->    33  
      21      6.345       0.0055185       24   ->    30  
      22      6.345       0.0055175       23   ->    30  
      23      6.442       0.0054348       24   ->    31  
      24      6.442       0.0054363       23   ->    31  
      25      6.504       0.0000022       24   ->    32  
      26      6.504       0.0002344       23   ->    32  
      27      6.504       0.0002355       24   ->    33  
      28      6.504       0.0000023       23   ->    33  
      29      6.703       0.0000000       22   ->    30  
      30      6.800       0.0000000       22   ->    31  
      31      6.862       0.0006746       22   ->    32  
      32      6.862       0.0006765       22   ->    33  
      33      7.458       0.0008085       21   ->    30  
      34      7.458       0.0008103       20   ->    30  
      35      7.555       0.0004466       21   ->    31  
      36      7.556       0.0004480       20   ->    31  
      37      7.565       0.0000000       19   ->    30  
      38      7.617       0.0006502       21   ->    32  
      39      7.617       0.0000362       20   ->    32  
      40      7.618       0.0000366       21   ->    33  
      41      7.618       0.0006488       20   ->    33  
      42      7.642       0.0000036       18   ->    30  
      43      7.642       0.0000036       17   ->    30  
      44      7.662       0.0000001       19   ->    31  
      45      7.724       0.0011606       19   ->    32  
      46      7.724       0.0011603       19   ->    33  
      47      7.739       0.0000151       18   ->    31  
      48      7.739       0.0000151       17   ->    31  
      49      7.801       0.0003198       18   ->    32  
      50      7.801       0.0007485       17   ->    32  
      51      7.801       0.0007481       18   ->    33  
      52      7.801       0.0003191       17   ->    33  
      53      8.270       0.0000000       16   ->    30  
      54      8.367       0.0000003       16   ->    31  
      55      8.429       0.0021398       16   ->    32  
      56      8.429       0.0021386       16   ->    33  
      57      8.598       0.0018024       15   ->    30  
      58      8.598       0.0018026       14   ->    30  
      59      8.695       0.0020268       15   ->    31  
      60      8.696       0.0020264       14   ->    31  
      61      8.757       0.0000230       15   ->    32  
      62      8.757       0.0102103       14   ->    32  
      63      8.758       0.0102123       15   ->    33  
      64      8.758       0.0000230       14   ->    33  
      65      8.874       0.0000000       13   ->    30  
      66      8.972       0.0000000       13   ->    31  
      67      9.025       0.0008305       29   ->    34  
      68      9.025       0.0001306       28   ->    34  
      69      9.026       0.0001304       29   ->    35  
      70      9.026       0.0008299       28   ->    35  
      71      9.033       0.0000562       13   ->    32  
      72      9.034       0.0000565       13   ->    33  
      73      9.220       0.0000042       27   ->    34  
      74      9.220       0.0000045       27   ->    35  
      75      9.222       0.0000000       12   ->    30  
      76      9.277       0.0000471       26   ->    34  
      77      9.278       0.0000460       26   ->    35  
      78      9.319       0.0000000       12   ->    31  
      79      9.381       0.0001431       12   ->    32  
      80      9.381       0.0001430       12   ->    33  
      81      9.639       0.0000000       11   ->    30  
      82      9.736       0.0000000       11   ->    31  
      83      9.798       0.0000004       11   ->    32  
      84      9.798       0.0000004       11   ->    33  
      85      9.955       0.0017693       25   ->    34  
      86      9.955       0.0017684       25   ->    35  
      87     10.280       0.0001224       24   ->    34  
      88     10.280       0.0040694       23   ->    34  
      89     10.280       0.0040689       24   ->    35  
      90     10.280       0.0001223       23   ->    35  
      91     10.638       0.0005861       22   ->    34  
      92     10.638       0.0005878       22   ->    35  
      93     11.246       0.0000000       10   ->    30  
      94     11.343       0.0000003       10   ->    31  
      95     11.393       0.0007461       21   ->    34  
      96     11.394       0.0000180       20   ->    34  
      97     11.394       0.0000182       21   ->    35  
      98     11.394       0.0007464       20   ->    35  
      99     11.405       0.0018736       10   ->    32  
     100     11.405       0.0018733       10   ->    33  
     101     11.500       0.0007984       19   ->    34  
     102     11.500       0.0007979       19   ->    35  
     103     11.577       0.0001062       18   ->    34  
     104     11.577       0.0003539       17   ->    34  
     105     11.577       0.0003532       18   ->    35  
     106     11.577       0.0001057       17   ->    35  
     107     11.958       0.0003772        9   ->    30  
     108     11.958       0.0003771        8   ->    30  
     109     12.055       0.0003985        9   ->    31  
     110     12.055       0.0003979        8   ->    31  
     111     12.117       0.0000000        9   ->    32  
     112     12.117       0.0055199        8   ->    32  
     113     12.118       0.0055202        9   ->    33  
     114     12.118       0.0000001        8   ->    33  
     115     12.205       0.0012895       16   ->    34  
     116     12.205       0.0012884       16   ->    35  
     117     12.402       0.0000000        7   ->    30  
     118     12.500       0.0000001        7   ->    31  
     119     12.533       0.0001158       15   ->    34  
     120     12.533       0.0072898       14   ->    34  
     121     12.534       0.0072882       15   ->    35  
     122     12.534       0.0001152       14   ->    35  
     123     12.561       0.0004246        7   ->    32  
     124     12.562       0.0004249        7   ->    33  
     125     12.810       0.0000045       13   ->    34  
     126     12.810       0.0000045       13   ->    35  
     127     13.157       0.0001296       12   ->    34  
     128     13.158       0.0001295       12   ->    35  
     129     13.574       0.0000074       11   ->    34  
     130     13.574       0.0000074       11   ->    35  
     131     14.688       0.0000000        6   ->    30  
     132     14.786       0.0000003        6   ->    31  
     133     14.847       0.0022229        6   ->    32  
     134     14.848       0.0022228        6   ->    33  
     135     15.162       0.0006756       29   ->    36  
     136     15.162       0.0006663       28   ->    36  
     137     15.181       0.0012731       10   ->    34  
     138     15.182       0.0012727       10   ->    35  
     139     15.327       0.0000384        5   ->    30  
     140     15.327       0.0000383        4   ->    30  
     141     15.356       0.0000000       27   ->    36  
     142     15.414       0.0000000       26   ->    36  
     143     15.425       0.0000401        5   ->    31  
     144     15.425       0.0000400        4   ->    31  
     145     15.484       0.0025266       29   ->    37  
     146     15.485       0.0025284       28   ->    37  
     147     15.486       0.0000005        5   ->    32  
     148     15.486       0.0005630        4   ->    32  
     149     15.487       0.0005631        5   ->    33  
     150     15.487       0.0000005        4   ->    33  
     151     15.679       0.0000000       27   ->    37  
     152     15.736       0.0000000       26   ->    37  
     153     15.893       0.0000208        9   ->    34  
     154     15.893       0.0032361        8   ->    34  
     155     15.894       0.0032354        9   ->    35  
     156     15.894       0.0000207        8   ->    35  
     157     15.976       0.0000000        3   ->    30  
     158     16.073       0.0000002        3   ->    31  
     159     16.091       0.0001385       25   ->    36  
     160     16.135       0.0014954        3   ->    32  
     161     16.136       0.0014948        3   ->    33  
     162     16.257       0.0004713       29   ->    38  
     163     16.257       0.0227936       28   ->    38  
     164     16.257       0.0227884       29   ->    39  
     165     16.258       0.0004705       28   ->    39  
     166     16.337       0.0001521        7   ->    34  
     167     16.338       0.0001521        7   ->    35  
     168     16.414       0.0000031       25   ->    37  
     169     16.416       0.0003061       24   ->    36  
     170     16.417       0.0003315       23   ->    36  
     171     16.452       0.0001738       27   ->    38  
     172     16.452       0.0001739       27   ->    39  
     173     16.509       0.0001842       26   ->    38  
     174     16.509       0.0001849       26   ->    39  
     175     16.540       0.0107250       29   ->    40  
     176     16.540       0.0107255       28   ->    40  
     177     16.734       0.0000001       27   ->    40  
     178     16.739       0.0261001       24   ->    37  
     179     16.739       0.0262221       23   ->    37  
     180     16.774       0.0000033       22   ->    36  
     181     16.792       0.0000000       26   ->    40  
     182     17.097       0.2711528       22   ->    37  
     183     17.187       0.1838209       25   ->    38  
     184     17.187       0.1839412       25   ->    39  
     185     17.330       0.0000000        2   ->    30  
     186     17.428       0.0000002        2   ->    31  
     187     17.469       0.2804744       25   ->    40  
     188     17.489       0.0013445        2   ->    32  
     189     17.490       0.0013456        2   ->    33  
     190     17.512       0.2844209       24   ->    38  
     191     17.512       0.0011407       23   ->    38  
     192     17.512       0.0011391       24   ->    39  
     193     17.512       0.2843791       23   ->    39  
     194     17.530       0.0165415       21   ->    36  
     195     17.530       0.0164055       20   ->    36  
     196     17.636       0.4703133       19   ->    36  
     197     17.713       0.2330011       18   ->    36  
     198     17.713       0.2340409       17   ->    36  
     199     17.794       0.2214772       24   ->    40  
     200     17.795       0.2215049       23   ->    40  
     201     17.853       0.0071228       21   ->    37  
     202     17.853       0.0072377       20   ->    37  
     203     17.870       0.1353691       22   ->    38  
     204     17.870       0.1351997       22   ->    39  
     205     17.939       0.0000001        1   ->    30  
     206     17.959       0.0000041       19   ->    37  
     207     18.036       0.0000004        1   ->    31  
     208     18.036       0.1784759       18   ->    37  
     209     18.036       0.1772061       17   ->    37  
     210     18.098       0.0034804        1   ->    32  
     211     18.098       0.0034797        1   ->    33  
     212     18.114       0.0156290       29   ->    41  
     213     18.114       0.0156507       28   ->    41  
     214     18.152       0.0000096       22   ->    40  
     215     18.308       0.0000001       27   ->    41  
     216     18.341       0.0000012       16   ->    36  
     217     18.366       0.0000000       26   ->    41  
     218     18.623       0.0019686        6   ->    34  
     219     18.624       0.0019681        6   ->    35  
     220     18.625       0.0005422       21   ->    38  
     221     18.626       0.0032242       21   ->    39  
     222     18.626       0.0032275       20   ->    38  
     223     18.626       0.0005428       20   ->    39  
     224     18.664       0.1402127       16   ->    37  
     225     18.670       0.0000001       15   ->    36  
     226     18.670       0.0000001       14   ->    36  
     227     18.732       0.0003383       19   ->    38  
     228     18.732       0.0003346       19   ->    39  
     229     18.809       0.0000770       18   ->    38  
     230     18.809       0.0000642       17   ->    38  
     231     18.809       0.0000660       18   ->    39  
     232     18.809       0.0000862       17   ->    39  
     233     18.908       0.0072253       21   ->    40  
     234     18.908       0.0071838       20   ->    40  
     235     18.946       0.0000009       13   ->    36  
     236     18.993       0.0000389       15   ->    37  
     237     18.993       0.0000386       14   ->    37  
     238     19.014       0.0000436       19   ->    40  
     239     19.043       0.0000001       25   ->    41  
     240     19.091       0.0091881       18   ->    40  
     241     19.091       0.0092635       17   ->    40  
     242     19.262       0.0000007        5   ->    34  
     243     19.262       0.0002682        4   ->    34  
     244     19.263       0.0002682        5   ->    35  
     245     19.263       0.0000007        4   ->    35  
     246     19.269       0.0000001       13   ->    37  
     247     19.294       0.0000005       12   ->    36  
     248     19.368       0.2740468       24   ->    41  
     249     19.368       0.2734880       23   ->    41  
     250     19.437       0.0147828       16   ->    38  
     251     19.437       0.0147785       16   ->    39  
     252     19.616       0.0340227       12   ->    37  
     253     19.710       0.0005115       11   ->    36  
     254     19.719       0.0000010       16   ->    40  
     255     19.726       0.0022734       22   ->    41  
     256     19.765       0.0000457       15   ->    38  
     257     19.766       0.0000006       14   ->    38  
     258     19.766       0.0000006       15   ->    39  
     259     19.766       0.0000464       14   ->    39  
     260     19.911       0.0009686        3   ->    34  
     261     19.912       0.0009677        3   ->    35  
     262     20.033       0.0000006       11   ->    37  
     263     20.042       0.0025992       13   ->    38  
     264     20.042       0.0026286       13   ->    39  
     265     20.048       0.0029646       15   ->    40  
     266     20.048       0.0029739       14   ->    40  
     267     20.324       0.0264047       13   ->    40  
     268     20.389       0.0495985       12   ->    38  
     269     20.389       0.0496039       12   ->    39  
     270     20.482       0.0124647       21   ->    41  
     271     20.482       0.0124614       20   ->    41  
     272     20.588       0.0000001       19   ->    41  
     273     20.665       0.0718630       18   ->    41  
     274     20.665       0.0718198       17   ->    41  
     275     20.672       0.0000027       12   ->    40  
     276     20.806       0.0520800       11   ->    38  
     277     20.806       0.0520931       11   ->    39  
     278     20.829       0.0136556       29   ->    42  
     279     20.830       0.0128389       28   ->    42  
     280     20.869       0.0098791       29   ->    43  
     281     20.870       0.0106743       28   ->    43  
     282     21.024       0.0000000       27   ->    42  
     283     21.064       0.0000001       27   ->    43  
     284     21.081       0.0000001       26   ->    42  
     285     21.088       0.0755476       11   ->    40  
     286     21.121       0.0000000       26   ->    43  
     287     21.124       0.0041546       29   ->    44  
     288     21.125       0.0005366       28   ->    44  
     289     21.125       0.0005370       29   ->    45  
     290     21.125       0.0041502       28   ->    45  
     291     21.266       0.0016564        2   ->    34  
     292     21.266       0.0016575        2   ->    35  
     293     21.293       0.0386712       16   ->    41  
     294     21.318       0.0000001       10   ->    36  
     295     21.319       0.0000083       27   ->    44  
     296     21.319       0.0000083       27   ->    45  
     297     21.377       0.0000087       26   ->    44  
     298     21.377       0.0000087       26   ->    45  
     299     21.622       0.0166473       15   ->    41  
     300     21.622       0.0166368       14   ->    41  
     301     21.640       0.0033874       10   ->    37  
     302     21.759       0.5660995       25   ->    42  
     303     21.799       0.0003175       25   ->    43  
     304     21.874       0.0034900        1   ->    34  
     305     21.874       0.0034886        1   ->    35  
     306     21.898       0.0000000       13   ->    41  
     307     22.030       0.0000961        9   ->    36  
     308     22.030       0.0001014        8   ->    36  
     309     22.054       0.0000248       25   ->    44  
     310     22.054       0.0000022       25   ->    45  
     311     22.084       0.2300012       24   ->    42  
     312     22.084       0.2497126       23   ->    42  
     313     22.124       0.2104669       24   ->    43  
     314     22.124       0.1910381       23   ->    43  
     315     22.246       0.1219534       12   ->    41  
     316     22.352       0.0037838        9   ->    37  
     317     22.353       0.0037916        8   ->    37  
     318     22.379       0.0000030       24   ->    44  
     319     22.379       0.0001239       23   ->    44  
     320     22.379       0.0000781       24   ->    45  
     321     22.380       0.0000016       23   ->    45  
     322     22.413       0.0155294       10   ->    38  
     323     22.413       0.0155355       10   ->    39  
     324     22.442       0.0003097       22   ->    42  
     325     22.474       0.0027064        7   ->    36  
     326     22.482       0.5743062       22   ->    43  
     327     22.662       0.0000001       11   ->    41  
     328     22.696       0.0000008       10   ->    40  
     329     22.737       0.0007587       22   ->    44  
     330     22.737       0.0007273       22   ->    45  
     331     22.797       0.0000001        7   ->    37  
     332     23.125       0.0297157        9   ->    38  
     333     23.125       0.0007239        8   ->    38  
     334     23.125       0.0007238        9   ->    39  
     335     23.126       0.0297318        8   ->    39  
     336     23.198       0.0022134       21   ->    42  
     337     23.198       0.0020454       20   ->    42  
     338     23.238       0.0015649       21   ->    43  
     339     23.238       0.0017356       20   ->    43  
     340     23.304       0.0388010       19   ->    42  
     341     23.344       0.0000275       19   ->    43  
     342     23.381       0.0192383       18   ->    42  
     343     23.381       0.0205208       17   ->    42  
     344     23.408       0.0133584        9   ->    40  
     345     23.408       0.0133518        8   ->    40  
     346     23.421       0.0310888       18   ->    43  
     347     23.421       0.0298857       17   ->    43  
     348     23.493       0.0248448       21   ->    44  
     349     23.493       0.0008828       20   ->    44  
     350     23.493       0.0008935       21   ->    45  
     351     23.493       0.0248446       20   ->    45  
     352     23.570       0.0198780        7   ->    38  
     353     23.570       0.0198956        7   ->    39  
     354     23.599       0.0601147       19   ->    44  
     355     23.599       0.0601910       19   ->    45  
     356     23.676       0.0224149       18   ->    44  
     357     23.676       0.0643445       17   ->    44  
     358     23.676       0.0643679       18   ->    45  
     359     23.676       0.0223845       17   ->    45  
     360     23.852       0.0155716        7   ->    40  
     361     24.009       0.0000554       16   ->    42  
     362     24.049       0.0783534       16   ->    43  
     363     24.270       0.0015883       10   ->    41  
     364     24.304       0.2458947       16   ->    44  
     365     24.304       0.2458432       16   ->    45  
     366     24.338       0.0017615       15   ->    42  
     367     24.338       0.0020447       14   ->    42  
     368     24.378       0.0052929       15   ->    43  
     369     24.378       0.0050081       14   ->    43  
     370     24.614       0.1420876       13   ->    42  
     371     24.633       0.0003517       15   ->    44  
     372     24.633       0.0404779       14   ->    44  
     373     24.633       0.0405005       15   ->    45  
     374     24.633       0.0003516       14   ->    45  
     375     24.654       0.0000939       13   ->    43  
     376     24.760       0.0000005        6   ->    36  
     377     24.847       0.0038709       29   ->    46  
     378     24.847       0.0038677       28   ->    46  
     379     24.909       0.2567900       13   ->    44  
     380     24.909       0.2565903       13   ->    45  
     381     24.961       0.0000279       12   ->    42  
     382     24.982       0.0073268        9   ->    41  
     383     24.982       0.0073113        8   ->    41  
     384     25.001       0.0506495       12   ->    43  
     385     25.041       0.0000000       27   ->    46  
     386     25.083       0.0690833        6   ->    37  
     387     25.099       0.0000000       26   ->    46  
     388     25.256       0.0565820       12   ->    44  
     389     25.257       0.0568394       12   ->    45  
     390     25.378       0.0031287       11   ->    42  
     391     25.399       0.0725306        5   ->    36  
     392     25.399       0.0731325        4   ->    36  
     393     25.418       0.0000018       11   ->    43  
     394     25.426       0.0000000        7   ->    41  
     395     25.673       0.0082273       11   ->    44  
     396     25.673       0.0082068       11   ->    45  
     397     25.722       0.0519288        5   ->    37  
     398     25.722       0.0511785        4   ->    37  
     399     25.776       0.7789319       25   ->    46  
     400     25.855       0.0045528        6   ->    38  
     401     25.856       0.0045698        6   ->    39  
     402     26.048       0.1451013        3   ->    36  
     403     26.102       0.0148187       24   ->    46  
     404     26.102       0.0148296       23   ->    46  
     405     26.138       0.0000003        6   ->    40  
     406     26.371       0.0000013        3   ->    37  
     407     26.459       0.0000002       22   ->    46  
     408     26.495       0.0001055        5   ->    38  
     409     26.495       0.0000040        4   ->    38  
     410     26.495       0.0000037        5   ->    39  
     411     26.495       0.0001098        4   ->    39  
     412     26.763       0.0142369       29   ->    47  
     413     26.763       0.0143405       28   ->    47  
     414     26.777       0.0039976        5   ->    40  
     415     26.777       0.0040760        4   ->    40  
     416     26.957       0.0000000       27   ->    47  
     417     26.985       0.0000111       10   ->    42  
     418     27.015       0.0000001       26   ->    47  
     419     27.025       0.0197799       10   ->    43  
     420     27.143       0.0261108        3   ->    38  
     421     27.144       0.0260585        3   ->    39  
     422     27.215       0.0000401       21   ->    46  
     423     27.215       0.0000403       20   ->    46  
     424     27.258       0.0034377       29   ->    48  
     425     27.258       0.0278306       28   ->    48  
     426     27.261       0.0277792       29   ->    49  
     427     27.261       0.0034865       28   ->    49  
     428     27.280       0.0071107       10   ->    44  
     429     27.281       0.0071093       10   ->    45  
     430     27.290       0.0099126       29   ->    50  
     431     27.290       0.0095737       28   ->    50  
     432     27.321       0.1981851       19   ->    46  
     433     27.399       0.0328147       18   ->    46  
     434     27.399       0.0328157       17   ->    46  
     435     27.402       0.0000023        2   ->    36  
     436     27.426       0.0120623        3   ->    40  
     437     27.453       0.0001536       27   ->    48  
     438     27.456       0.0001529       27   ->    49  
     439     27.484       0.0000023       27   ->    50  
     440     27.510       0.0001604       26   ->    48  
     441     27.513       0.0001588       26   ->    49  
     442     27.542       0.0000033       26   ->    50  
     443     27.692       0.0003719       25   ->    47  
     444     27.697       0.0062328        9   ->    42  
     445     27.698       0.0068466        8   ->    42  
     446     27.712       0.0064971        6   ->    41  
     447     27.725       0.1495633        2   ->    37  
     448     27.737       0.0067576        9   ->    43  
     449     27.738       0.0061551        8   ->    43  
     450     27.993       0.0000002        9   ->    44  
     451     27.993       0.0000621        8   ->    44  
     452     27.993       0.0000605        9   ->    45  
     453     27.993       0.0000001        8   ->    45  
     454     28.010       0.0037715        1   ->    36  
     455     28.017       0.0007957       24   ->    47  
     456     28.018       0.0007636       23   ->    47  
     457     28.027       0.0000001       16   ->    46  
     458     28.142       0.0167085        7   ->    42  
     459     28.182       0.0000100        7   ->    43  
     460     28.187       0.0000082       25   ->    48  
     461     28.190       0.0000093       25   ->    49  
     462     28.219       0.0000008       25   ->    50  
     463     28.266       0.0065457       29   ->    51  
     464     28.266       0.0065325       28   ->    51  
     465     28.333       0.0000029        1   ->    37  
     466     28.351       0.0280521        5   ->    41  
     467     28.351       0.0280764        4   ->    41  
     468     28.355       0.0526995       15   ->    46  
     469     28.355       0.0527534       14   ->    46  
     470     28.375       0.0000038       22   ->    47  
     471     28.437       0.0049907        7   ->    44  
     472     28.437       0.0049890        7   ->    45  
     473     28.460       0.0000001       27   ->    51  
     474     28.498       0.2504617        2   ->    38  
     475     28.498       0.2503373        2   ->    39  
     476     28.513       0.0217959       24   ->    48  
     477     28.513       0.0003967       23   ->    48  
     478     28.516       0.0004916       24   ->    49  
     479     28.516       0.0214667       23   ->    49  
     480     28.518       0.0000000       26   ->    51  
     481     28.544       0.0086044       24   ->    50  
     482     28.544       0.0088443       23   ->    50  
     483     28.631       0.4304312       13   ->    46  
     484     28.780       0.0000133        2   ->    40  
     485     28.871       0.0503145       22   ->    48  
     486     28.874       0.0498635       22   ->    49  
     487     28.902       0.0233618       22   ->    50  
     488     28.979       0.0000001       12   ->    46  
     489     29.000       0.0000001        3   ->    41  
     490     29.011       0.0079908       29   ->    52  
     491     29.011       0.0555279       28   ->    52  
     492     29.013       0.0553690       29   ->    53  
     493     29.013       0.0079608       28   ->    53  
     494     29.106       0.2194624        1   ->    38  
     495     29.106       0.2195204        1   ->    39  
     496     29.131       0.0128427       21   ->    47  
     497     29.131       0.0130175       20   ->    47  
     498     29.195       0.0000032       25   ->    51  
     499     29.205       0.0005989       27   ->    52  
     500     29.207       0.0005979       27   ->    53  
     501     29.237       0.3266613       19   ->    47  
     502     29.263       0.0006250       26   ->    52  
     503     29.265       0.0006244       26   ->    53  
     504     29.314       0.1885395       18   ->    47  
     505     29.314       0.1873846       17   ->    47  
     506     29.388       0.6521842        1   ->    40  
     507     29.395       0.0134974       11   ->    46  
     508     29.520       0.0308810       24   ->    51  
     509     29.521       0.0308802       23   ->    51  
     510     29.626       0.0074316       21   ->    48  
     511     29.626       0.1908855       20   ->    48  
     512     29.629       0.1881478       21   ->    49  
     513     29.629       0.0078478       20   ->    49  
     514     29.658       0.0172528       21   ->    50  
     515     29.658       0.0136032       20   ->    50  
     516     29.733       0.1643575       19   ->    48  
     517     29.736       0.1618558       19   ->    49  
     518     29.764       0.0028210       19   ->    50  
     519     29.810       0.1474754       18   ->    48  
     520     29.810       0.0531877       17   ->    48  
     521     29.813       0.0564911       18   ->    49  
     522     29.813       0.1473018       17   ->    49  
     523     29.841       0.1877065       18   ->    50  
     524     29.841       0.1924110       17   ->    50  
     525     29.878       0.2391501       22   ->    51  
     526     29.923       0.0114659       29   ->    54  
     527     29.923       0.0114721       28   ->    54  
     528     29.940       0.0821064       25   ->    52  
     529     29.942       0.0821950       25   ->    53  
     530     29.942       0.0000055       16   ->    47  
     531     30.118       0.0000001       27   ->    54  
     532     30.175       0.0000000       26   ->    54  
     533     30.265       0.0919625       24   ->    52  
     534     30.266       0.0022948       23   ->    52  
     535     30.268       0.0023162       24   ->    53  
     536     30.268       0.0921820       23   ->    53  
     537     30.271       0.3855965       15   ->    47  
     538     30.271       0.3811329       14   ->    47  
     539     30.354       0.2940438        2   ->    41  
     540     30.428       0.0000129        6   ->    42  
     541     30.438       0.0559417       16   ->    48  
     542     30.441       0.0585484       16   ->    49  
     543     30.468       0.0194569        6   ->    43  
     544     30.469       0.2230826       16   ->    50  
     545     30.547       0.0069508       13   ->    47  
     546     30.623       0.0408335       22   ->    52  
     547     30.625       0.0409631       22   ->    53  
     548     30.634       0.0002222       21   ->    51  
     549     30.634       0.0002208       20   ->    51  
     550     30.723       0.0396087        6   ->    44  
     551     30.723       0.0396144        6   ->    45  
     552     30.740       0.0000010       19   ->    51  
     553     30.766       0.7851439       15   ->    48  
     554     30.766       0.0062219       14   ->    48  
     555     30.769       0.0124345       15   ->    49  
     556     30.769       0.7798011       14   ->    49  
     557     30.798       0.3972446       15   ->    50  
     558     30.798       0.4138665       14   ->    50  
     559     30.817       0.0036566       18   ->    51  
     560     30.817       0.0036785       17   ->    51  
     561     30.853       0.0035898       25   ->    54  
     562     30.895       0.0000013       12   ->    47  
     563     30.962       0.0000003        1   ->    41  
     564     31.003       0.0000005       10   ->    46  
     565     31.043       0.0068407       13   ->    48  
     566     31.046       0.0067536       13   ->    49  
     567     31.067       0.0099992        5   ->    42  
     568     31.067       0.0111144        4   ->    42  
     569     31.074       0.0001173       13   ->    50  
     570     31.107       0.0134539        5   ->    43  
     571     31.107       0.0123868        4   ->    43  
     572     31.178       0.1148318       24   ->    54  
     573     31.178       0.1148150       23   ->    54  
     574     31.311       0.0112143       11   ->    47  
     575     31.362       0.0000210        5   ->    44  
     576     31.362       0.0717955        4   ->    44  
     577     31.362       0.0718004        5   ->    45  
     578     31.362       0.0000209        4   ->    45  
     579     31.379       0.0005162       21   ->    52  
     580     31.379       0.0175795       20   ->    52  
     581     31.381       0.0173001       21   ->    53  
     582     31.381       0.0005063       20   ->    53  
     583     31.390       0.0197631       12   ->    48  
     584     31.393       0.0197029       12   ->    49  
     585     31.422       0.0279986       12   ->    50  
     586     31.445       0.0200941       16   ->    51  
     587     31.485       0.0038957       19   ->    52  
     588     31.487       0.0038146       19   ->    53  
     589     31.536       0.0000037       22   ->    54  
     590     31.562       0.0097079       18   ->    52  
     591     31.562       0.0031132       17   ->    52  
     592     31.564       0.0030587       18   ->    53  
     593     31.565       0.0094766       17   ->    53  
     594     31.715       0.0179400        9   ->    46  
     595     31.715       0.0179449        8   ->    46  
     596     31.716       0.0137011        3   ->    42  
     597     31.756       0.0000095        3   ->    43  
     598     31.774       0.0078249       15   ->    51  
     599     31.774       0.0079131       14   ->    51  
     600     31.807       0.0005703       11   ->    48  
     601     31.810       0.0005235       11   ->    49  
     602     31.838       0.0000075       11   ->    50  
     603     32.011       0.0254760        3   ->    44  
     604     32.011       0.0254643        3   ->    45  
     605     32.050       0.0000001       13   ->    51  
     606     32.159       0.0045790        7   ->    46  
     607     32.190       0.0031787       16   ->    52  
     608     32.192       0.0031449       16   ->    53  
     609     32.291       0.0002626       21   ->    54  
     610     32.292       0.0002601       20   ->    54  
     611     32.398       0.0163777       19   ->    54  
     612     32.398       0.2263339       12   ->    51  
     613     32.475       0.0005434       18   ->    54  
     614     32.475       0.0005501       17   ->    54  
     615     32.519       0.0187083       15   ->    52  
     616     32.519       0.0002298       14   ->    52  
     617     32.521       0.0002202       15   ->    53  
     618     32.521       0.0181397       14   ->    53  
     619     32.795       0.0000276       13   ->    52  
     620     32.797       0.0000261       13   ->    53  
     621     32.814       0.0000051       11   ->    51  
     622     32.837       0.0008628       29   ->    55  
     623     32.838       0.0063189       28   ->    55  
     624     32.840       0.0063073       29   ->    56  
     625     32.840       0.0008602       28   ->    56  
     626     32.919       0.0000012       10   ->    47  
     627     33.032       0.0003456       27   ->    55  
     628     33.034       0.0003452       27   ->    56  
     629     33.070       0.0000013        2   ->    42  
     630     33.089       0.0003602       26   ->    55  
     631     33.092       0.0003597       26   ->    56  
     632     33.103       0.0000003       16   ->    54  
     633     33.110       0.0033225        2   ->    43  
     634     33.143       0.0226368       12   ->    52  
     635     33.145       0.0227167       12   ->    53  
     636     33.365       0.0006405        2   ->    44  
     637     33.365       0.0006355        2   ->    45  
     638     33.414       0.0001646       10   ->    48  
     639     33.417       0.0010601       10   ->    49  
     640     33.431       0.0002684       15   ->    54  
     641     33.431       0.0002783       14   ->    54  
     642     33.445       0.0628847       10   ->    50  
     643     33.559       0.1440058       11   ->    52  
     644     33.561       0.1440398       11   ->    53  
     645     33.631       0.0076403        9   ->    47  
     646     33.631       0.0076954        8   ->    47  
     647     33.678       0.0001525        1   ->    42  
     648     33.708       0.0299119       13   ->    54  
     649     33.718       0.0000005        1   ->    43  
     650     33.767       0.0044267       25   ->    55  
     651     33.769       0.0043843       25   ->    56  
     652     33.973       0.0008571        1   ->    44  
     653     33.973       0.0008615        1   ->    45  
     654     34.055       0.0000014       12   ->    54  
     655     34.075       0.0577647        7   ->    47  
     656     34.092       0.0000753       24   ->    55  
     657     34.092       0.0000018       23   ->    55  
     658     34.095       0.0000017       24   ->    56  
     659     34.095       0.0000718       23   ->    56  
     660     34.126       0.0228096        9   ->    48  
     661     34.126       0.0000571        8   ->    48  
     662     34.129       0.0001392        9   ->    49  
     663     34.129       0.0221759        8   ->    49  
     664     34.158       0.0082895        9   ->    50  
     665     34.158       0.0084048        8   ->    50  
     666     34.422       0.2488615       10   ->    51  
     667     34.445       0.0000012        6   ->    46  
     668     34.450       0.0084603       22   ->    55  
     669     34.452       0.0085474       22   ->    56  
     670     34.472       0.2342574       11   ->    54  
     671     34.570       0.0474151        7   ->    48  
     672     34.573       0.0463191        7   ->    49  
     673     34.602       0.0007956        7   ->    50  
     674     35.084       0.0023842        5   ->    46  
     675     35.084       0.0023699        4   ->    46  
     676     35.134       0.2079024        9   ->    51  
     677     35.134       0.2079380        8   ->    51  
     678     35.167       0.3621669       10   ->    52  
     679     35.169       0.3623948       10   ->    53  
     680     35.206       0.0000575       21   ->    55  
     681     35.206       0.0016888       20   ->    55  
     682     35.208       0.0016832       21   ->    56  
     683     35.208       0.0000539       20   ->    56  
     684     35.312       0.1045456       19   ->    55  
     685     35.314       0.1045792       19   ->    56  
     686     35.389       0.1079291       18   ->    55  
     687     35.389       0.0360922       17   ->    55  
     688     35.391       0.0360768       18   ->    56  
     689     35.391       0.1078505       17   ->    56  
     690     35.578       0.0000071        7   ->    51  
     691     35.733       0.0391319        3   ->    46  
     692     35.879       0.4282573        9   ->    52  
     693     35.879       0.0018141        8   ->    52  
     694     35.881       0.0018621        9   ->    53  
     695     35.881       0.4286904        8   ->    53  
     696     36.017       0.0528632       16   ->    55  
     697     36.019       0.0529345       16   ->    56  
     698     36.079       0.0000228       10   ->    54  
     699     36.323       0.1451574        7   ->    52  
     700     36.325       0.1454853        7   ->    53  
     701     36.346       0.0000093       15   ->    55  
     702     36.346       0.0000001       14   ->    55  
     703     36.348       0.0000001       15   ->    56  
     704     36.348       0.0000093       14   ->    56  
     705     36.361       0.0000238        6   ->    47  
     706     36.622       0.0017398       13   ->    55  
     707     36.624       0.0017472       13   ->    56  
     708     36.791       0.3081960        9   ->    54  
     709     36.791       0.3081619        8   ->    54  
     710     36.856       0.2706395        6   ->    48  
     711     36.859       0.2741251        6   ->    49  
     712     36.888       0.4918587        6   ->    50  
     713     36.969       0.0053848       12   ->    55  
     714     36.972       0.0053985       12   ->    56  
     715     36.998       0.0280249       29   ->    57  
     716     36.998       0.0282849       28   ->    57  
     717     37.000       0.3118315        5   ->    47  
     718     37.000       0.3081948        4   ->    47  
     719     37.087       0.0000001        2   ->    46  
     720     37.192       0.0000001       27   ->    57  
     721     37.235       0.5449232        7   ->    54  
     722     37.250       0.0000001       26   ->    57  
     723     37.386       0.0068986       11   ->    55  
     724     37.388       0.0068458       11   ->    56  
     725     37.431       0.0186158       29   ->    58  
     726     37.431       0.0183559       28   ->    58  
     727     37.495       0.6532314        5   ->    48  
     728     37.495       0.0003940        4   ->    48  
     729     37.498       0.0055336        5   ->    49  
     730     37.498       0.6490148        4   ->    49  
     731     37.527       0.2961673        5   ->    50  
     732     37.527       0.3109891        4   ->    50  
     733     37.626       0.0000001       27   ->    58  
     734     37.649       0.4918924        3   ->    47  
     735     37.683       0.0000000       26   ->    58  
     736     37.696       0.5349003        1   ->    46  
     737     37.864       0.2203979        6   ->    51  
     738     37.927       0.0000038       25   ->    57  
     739     38.144       0.2322881        3   ->    48  
     740     38.147       0.2284665        3   ->    49  
     741     38.176       0.0040219        3   ->    50  
     742     38.252       0.1687005       24   ->    57  
     743     38.252       0.1667335       23   ->    57  
     744     38.361       0.2700926       25   ->    58  
     745     38.503       0.0175977        5   ->    51  
     746     38.503       0.0177125        4   ->    51  
     747     38.609       0.0048199        6   ->    52  
     748     38.610       0.3043063       22   ->    57  
     749     38.611       0.0047191        6   ->    53  
     750     38.686       0.1160031       24   ->    58  
     751     38.686       0.1181469       23   ->    58  
     752     38.993       0.0414922       10   ->    55  
     753     38.996       0.0412989       10   ->    56  
     754     39.003       0.0000037        2   ->    47  
     755     39.044       0.0000047       22   ->    58  
     756     39.152       0.0000044        3   ->    51  
     757     39.248       0.0817700        5   ->    52  
     758     39.248       0.0000973        4   ->    52  
     759     39.250       0.0000931        5   ->    53  
     760     39.250       0.0802453        4   ->    53  
     761     39.366       0.0000004       21   ->    57  
     762     39.366       0.0000004       20   ->    57  
     763     39.472       0.0000002       19   ->    57  
     764     39.499       0.0424481        2   ->    48  
     765     39.502       0.0424918        2   ->    49  
     766     39.521       0.0000008        6   ->    54  
     767     39.530       0.0875365        2   ->    50  
     768     39.549       0.0001394       18   ->    57  
     769     39.549       0.0001363       17   ->    57  
     770     39.611       0.1077394        1   ->    47  
     771     39.705       0.0005218        9   ->    55  
     772     39.706       0.0000018        8   ->    55  
     773     39.708       0.0000018        9   ->    56  
     774     39.708       0.0004998        8   ->    56  
     775     39.799       0.0000944       21   ->    58  
     776     39.800       0.0000936       20   ->    58  
     777     39.897       0.0066765        3   ->    52  
     778     39.899       0.0067956        3   ->    53  
     779     39.906       0.0079976       19   ->    58  
     780     39.983       0.0000266       18   ->    58  
     781     39.983       0.0000272       17   ->    58  
     782     40.107       0.0025906        1   ->    48  
     783     40.110       0.0024315        1   ->    49  
     784     40.138       0.0000379        1   ->    50  
     785     40.150       0.0164718        7   ->    55  
     786     40.152       0.0165902        7   ->    56  
     787     40.160       0.0083866        5   ->    54  
     788     40.161       0.0084378        4   ->    54  
     789     40.177       0.0320390       16   ->    57  
     790     40.506       0.0000597       15   ->    57  
     791     40.506       0.0000620       14   ->    57  
     792     40.506       0.9432876        2   ->    51  
     793     40.611       0.0000005       16   ->    58  
     794     40.782       0.0000001       13   ->    57  
     795     40.809       0.4122180        3   ->    54  
     796     40.939       0.0021439       15   ->    58  
     797     40.940       0.0021585       14   ->    58  
     798     41.114       0.0000146        1   ->    51  
     799     41.130       0.0178401       12   ->    57  
     800     41.216       0.0009113       13   ->    58  
     801     41.251       0.4071319        2   ->    52  
     802     41.253       0.4076987        2   ->    53  
     803     41.546       0.0000001       11   ->    57  
     804     41.563       0.0000003       12   ->    58  
     805     41.859       0.4672064        1   ->    52  
     806     41.861       0.4678918        1   ->    53  
     807     41.980       0.0002535       11   ->    58  
     808     42.164       0.0000289        2   ->    54  
     809     42.436       0.6662051        6   ->    55  
     810     42.438       0.6665413        6   ->    56  
     811     42.772       0.2219682        1   ->    54  
     812     43.075       1.1518712        5   ->    55  
     813     43.075       0.0007588        4   ->    55  
     814     43.077       0.0007590        5   ->    56  
     815     43.077       1.1515599        4   ->    56  
     816     43.153       0.7334006       10   ->    57  
     817     43.587       0.0000115       10   ->    58  
     818     43.724       0.6011228        3   ->    55  
     819     43.726       0.6017862        3   ->    56  
     820     43.866       0.4749572        9   ->    57  
     821     43.866       0.4688850        8   ->    57  
     822     44.299       0.3434983        9   ->    58  
     823     44.299       0.3499380        8   ->    58  
     824     44.310       0.0000192        7   ->    57  
     825     44.744       1.1013758        7   ->    58  
     826     45.078       0.0030215        2   ->    55  
     827     45.080       0.0031149        2   ->    56  
     828     45.686       0.0735878        1   ->    55  
     829     45.688       0.0732384        1   ->    56  
     830     46.596       0.0273278        6   ->    57  
     831     47.030       0.0000017        6   ->    58  
     832     47.235       0.0003342        5   ->    57  
     833     47.235       0.0003195        4   ->    57  
     834     47.669       0.0000771        5   ->    58  
     835     47.669       0.0000730        4   ->    58  
     836     47.884       0.0000017        3   ->    57  
     837     48.317       0.0762792        3   ->    58  
     838     49.238       0.0000737        2   ->    57  
     839     49.672       0.0000001        2   ->    58  
     840     49.846       0.0000006        1   ->    57  
     841     50.280       0.0194022        1   ->    58  

