         841           6
     1   S    1.8847887369E-01
  8.0378247281E-01  1.7565815422E-01 -4.7319136512E-01 -2.8302664838E-01 -8.8233076328E-04 -2.5573361297E-04
 -1.7349778449E-03 -1.2167595414E-03  2.4446532053E-04  1.4196856766E-04 -1.3741551763E-04  1.6861971227E-04
  1.0299044966E-01  8.8101473881E-03  8.5344566972E-02 -2.0907365917E-02 -1.1086535884E-06  4.8651456295E-05
  3.1521462597E-04 -3.7261170642E-03 -4.3923836206E-05  5.3687307775E-03 -1.6158653146E-03  4.6558191745E-03
 -2.3147424322E-06  9.9169367045E-06 -2.8213439315E-05  2.7889978030E-05 -9.8473468044E-06  1.0751644115E-05
 -3.0093259293E-04 -1.2232051624E-03  3.8438293609E-04  1.2822625726E-04  6.8167068560E-04 -7.2957964669E-06
  2.2074993821E-06 -2.3677674758E-06 -1.1350991696E-06  7.5208930548E-06  4.5732270580E-06 -2.7620168839E-04
  3.5277736083E-04 -1.4016119968E-05 -9.2803935543E-05  1.0814800787E-03 -1.6676260814E-04  4.7632059545E-04
  3.4546771903E-07  6.5123904355E-08  1.7377339438E-07  6.0331807681E-06 -3.5909611714E-06  1.1216987277E-05
 -2.3139465091E-04 -9.4299721009E-04  5.5652093419E-05  1.4515925193E-03 -4.2070523180E-04  1.4195861088E-03
  3.8294219137E-08  7.9384915177E-07 -1.1623378529E-05  1.0110346590E-05  4.2183782644E-07  6.4610580230E-07
  2.1310372353E-06  1.0481723842E-06  1.8454937559E-06 -2.1095965777E-06  3.2009339177E-06 -3.6719241642E-05
 -9.7295203925E-04 -1.6110162854E-04  9.9573314228E-07 -1.1569627548E-03  1.9110006510E-04 -2.2796435448E-06
  5.1342423666E-05  2.0936348755E-04  6.9216558020E-07 -2.6757656612E-06 -2.0129575200E-05  2.3478496938E-04
 -1.1266111289E-04  6.8488448307E-04 -6.5399391083E-07  2.0677790235E-06  1.4704367809E-06  1.3077680243E-06
  5.0705083142E-05  3.0889692574E-04  2.7644448855E-06 -8.6796846937E-06 -1.3453117116E-05 -1.8076681333E-06
 -7.1745380323E-07  1.2736357091E-06  1.7856933386E-04  7.2761042939E-04  5.7795884358E-05 -3.5065893666E-04
  1.7964794860E-06 -3.0282887309E-06 -5.4296080978E-07 -5.9265537680E-07 -2.3381864996E-05 -2.7840725968E-04
  6.7672488206E-05 -2.7379866641E-04 -2.0640078139E-09 -3.0360545650E-08  3.7540464176E-06 -2.3646051777E-06
  5.1368780078E-05  3.1260485501E-04 -8.7142926942E-07  3.1626058522E-06  1.9294252271E-07 -3.8371575924E-06
  2.9020712591E-06  3.4753689342E-07  2.2857539974E-05 -2.6683703647E-04 -7.6840127026E-06  4.6537940634E-05
 -1.0951723199E-05 -6.6731892605E-05  2.6426730225E-05 -1.6040373230E-04  1.8239905414E-06 -5.4062196494E-06
  1.1371229706E-04  4.6334777460E-04  7.0513605086E-06 -3.2932594143E-05 -6.2178055856E-05 -3.7827793683E-04
 -6.2963698145E-06 -5.4894020516E-05 -3.7239767817E-07 -4.0198797292E-07  1.1731784219E-05 -5.4544343046E-05
 -6.5861913468E-05  1.0961506058E-04 -1.7548204115E-08 -5.6512813089E-08  7.2949477942E-07 -6.4033322196E-07
 -6.6006634885E-07 -2.5225581400E-07  1.4119454772E-07  5.9610081452E-07 -1.6064524027E-06  5.2046095611E-08
  1.2085933178E-06 -4.0023585498E-06 -1.4760604401E-07 -2.9761315517E-05  3.4670613754E-04  2.1707761337E-06
 -4.5383193426E-06  2.6438483805E-07 -1.6264973780E-06 -1.8908937131E-05  1.1491192700E-04  1.1450879571E-06
 -8.9414930487E-05 -9.6139475055E-07 -7.6552631907E-06 -1.0885472236E-04 -4.3007710885E-05 -1.0276585840E-04
 -9.2409708439E-05  4.2396771896E-04 -1.5214906673E-06 -3.1592296789E-04 -1.1006134224E-04 -1.3847877765E-06
 -1.0388539004E-07  8.9914269735E-07  1.2640367833E-03 -9.0612638574E-05 -9.1281669741E-07  2.6225930004E-06
  7.3254178926E-06 -5.5669864412E-05 -2.2677677799E-04  8.7100865515E-06  2.0320566725E-06  5.8263269305E-06
 -1.4531026050E-06  5.2323889151E-05 -1.5788619567E-04  2.8019740387E-08 -4.3121804303E-04 -3.3780214744E-04
 -1.2729940173E-03 -1.0811187689E-05  2.8418984994E-07  7.8237936133E-05  7.6948425964E-04 -3.2293631659E-04
  1.3080478407E-06  2.1064826825E-07 -4.2789397860E-06  4.3485179161E-04  1.5324695743E-04 -3.2240976001E-05
  3.7599332322E-04 -2.6527280583E-04  4.4204980595E-04  4.6033856430E-06 -9.6091669944E-07 -1.4031506525E-06
  6.8497955152E-07 -4.7958073413E-05 -2.9183801611E-04 -2.7911245408E-07 -1.0053211143E-06  6.8243760629E-07
  6.7443255171E-08  1.8263436652E-06 -1.5300134984E-05  6.0730641697E-07  4.1740875017E-05 -3.1646385762E-06
  1.8118047315E-06  1.6364944414E-06 -1.6877882926E-06  1.6427257029E-06  1.5255104787E-05 -4.6489927309E-05
  1.0567080620E-06  4.8601214453E-05  1.4250055672E-05 -8.6693921015E-07  5.7468478553E-07 -5.7184354600E-05
 -4.4717360722E-05  2.3814069086E-08  1.8326642313E-07 -4.1737626151E-07  1.3684625430E-07 -1.9637914664E-06
 -1.6120815607E-06 -1.1790554821E-03 -4.0958850870E-04 -8.0959860479E-05  3.3975215906E-05 -1.4966170940E-06
 -2.2480364849E-06 -9.6876716057E-07  1.2272139746E-07  1.9240581051E-06  1.7020764843E-08  6.2058085177E-07
 -2.2826869291E-07  3.2519855874E-05 -1.9719293557E-04  5.2964432214E-07  4.9953655835E-05 -3.5715402486E-06
 -2.6251926371E-04  1.0243900426E-05  1.6613612182E-07  4.0013970299E-04 -1.6802782056E-04  6.7762569336E-07
  6.5284363298E-05  7.1409083798E-07 -9.9862296041E-05 -3.5210928562E-05  6.5407893641E-07 -8.5108695401E-04
  6.0996722349E-05  4.7929340337E-05 -2.2629693049E-04 -9.4245817582E-05  1.6040488618E-04  3.3657555477E-07
 -4.2575574159E-07 -4.6299067590E-07 -3.6677777927E-06  1.7502094856E-07  6.5892284852E-07  4.3055198851E-07
 -2.9110881870E-07  5.0594205488E-07  2.9177347904E-05  1.7752898778E-04  1.8413578249E-07  7.9740837044E-10
 -1.4973234446E-05  1.9600763231E-06 -1.5097935734E-05 -2.9983848561E-06 -5.1951631806E-04 -1.5394165021E-04
  1.6374006986E-06  6.3534139287E-07 -9.8479822998E-07  4.3369800180E-05 -2.6313115605E-04  9.1372034701E-07
 -6.0249289978E-05  5.1928724996E-06 -1.7241736789E-05 -1.3064005566E-04  7.4363944273E-04  1.2554822677E-06
 -6.5025176752E-04 -2.1993688307E-04  3.4533016448E-07  1.7534794660E-04  4.3514061045E-05 -2.8132377573E-07
  3.2681268517E-06 -2.6294915074E-06 -4.3777937215E-07 -6.6259727673E-04  2.7829523368E-04  6.7050156065E-07
 -1.5689312512E-07  3.0924039806E-08  8.2332531683E-07 -4.4629507408E-07 -1.3927445461E-05  7.0336432269E-05
 -3.0626309384E-07 -7.0602382284E-06  2.0315385500E-07 -1.7020344145E-06 -2.4395968428E-07 -5.3169952450E-05
  1.5680186493E-04 -3.2554269971E-07 -1.9827371139E-04  4.6314259836E-07 -2.1782689904E-07  1.3031478341E-04
  1.0339709964E-04  5.8163934005E-04 -4.8529280083E-05 -1.3978407393E-04 -5.0379407005E-05  7.4643663135E-07
  5.8141960891E-07  2.9702980315E-07 -1.3634876345E-07  2.2276577587E-04 -1.6018839985E-05  3.1995035876E-05
  2.4259162216E-04  3.0656424266E-07 -6.9724149512E-07  1.3257701529E-06  8.8712623042E-07  6.3807605709E-07
 -2.2258382405E-07  1.6431242189E-06  7.0026478338E-07  3.1247789097E-05 -1.5802473751E-04 -2.8520892666E-04
  1.3793416842E-05  3.8409306996E-04  1.1140499985E-04  1.2629843343E-06 -1.1125858405E-06 -8.7024575153E-07
  1.9291253290E-06  2.9984336993E-07  9.9781060540E-08 -9.1790811155E-08 -2.9841020526E-05  1.3711550401E-04
  1.5830271164E-06  1.1805453947E-05  6.2245565182E-07  7.3007850115E-04  1.8075337541E-04  3.6370435448E-07
  5.4806058020E-08  5.2984691666E-07  3.6110339727E-07 -2.1063297818E-06  1.0873366454E-05 -7.7436470608E-07
  1.3630311346E-04 -1.5782285007E-05  8.8047679748E-07 -1.5438174018E-06  2.3087524658E-06  1.7210131792E-05
 -1.6803438923E-04 -3.6149262381E-05 -1.3524364179E-06 -1.1663460257E-04  4.9094940110E-05 -3.2334547801E-09
  7.8177442425E-05  7.1334592161E-07 -1.2173358529E-07 -4.2811167368E-08 -3.8058681595E-07  5.4490783423E-07
 -1.9022326740E-07  4.0862903163E-07 -7.4547059561E-07  9.7471846341E-05 -4.4650586752E-04 -2.4455687587E-05
  2.8218458596E-06  4.6766085688E-07 -1.0311128237E-06 -9.8056619182E-07  1.5021487963E-06  2.1929789079E-04
 -1.5863049166E-05 -6.3466601259E-05  1.9336287117E-04 -4.9913370691E-06  8.3937141535E-06 -2.2541682245E-05
  3.9371261078E-05 -4.1590419224E-06  2.0899498324E-05  1.6698476496E-04 -2.7719340525E-04 -1.1517798284E-06
 -6.5638089421E-05 -5.1523868097E-05 -3.3617889795E-07  2.0360916280E-06  5.2329457516E-06 -4.2616672389E-05
 -4.7099402606E-06 -8.8483486600E-06 -4.2613979526E-05 -6.2523447982E-06  2.1106258145E-06 -6.4153331803E-04
  5.7983799272E-05  9.1357653045E-07 -6.6265799519E-07  5.8295856881E-04  1.3931840657E-04 -1.5828854942E-07
 -5.5069143027E-07  5.3786000966E-07  2.5190317926E-08  6.1627572915E-07  1.2659103687E-04  7.1371988456E-07
  3.2235142937E-07  9.5996572227E-07 -6.2410858002E-07 -1.9196227324E-04 -2.2895993600E-05 -7.6008533030E-06
  1.8287156167E-04 -3.0459093088E-04  2.6832812328E-07  9.5268719425E-05  2.0507246451E-05 -5.3221862441E-04
  2.0197633690E-05  1.0857896118E-06 -1.0052647538E-06 -7.4100169598E-06  1.0132403360E-06  7.3125071740E-04
 -3.0701874133E-04  8.8614369257E-06  2.3985182820E-06  2.6432334040E-05  9.6471750570E-06 -1.6061493406E-07
 -2.1968883801E-04 -7.5845621754E-05 -5.0415522149E-07  1.7210486390E-06 -8.1294747641E-04  1.6913378189E-04
 -6.5840169610E-06 -4.0088493567E-07  4.3272086147E-07  7.2667751598E-07 -6.2450367868E-07 -1.5249558420E-06
  4.2379534929E-06 -7.4122244945E-04  5.3134642003E-05  9.5520120544E-05 -2.9355547465E-04  3.9773300899E-06
  1.1460615415E-05  7.6053291380E-05 -6.2861531265E-06 -1.3744185697E-05  7.7014907068E-05  9.8680303211E-04
  7.7055557520E-04 -2.0534921800E-06 -1.8328457763E-07  8.0641236447E-04  2.8033899788E-04 -5.7381033882E-07
  7.5527079313E-06 -1.5651588254E-07  4.2486662894E-05 -3.5449120978E-06 -3.1334733373E-04 -1.0804087361E-03
 -1.2772177406E-04 -5.7996852215E-05 -3.9085427809E-05 -1.4685750953E-05 -1.5294122956E-04 -5.7353955001E-05
  1.1303537929E-03  3.9550662622E-04  4.4042502859E-06  7.9143135986E-05 -3.6337071091E-04  1.0416210226E-03
 -1.5565494168E-04  3.9997932697E-06  1.1942255422E-06 -7.5963070635E-08  1.4012720515E-06  1.8988049487E-06
 -1.2184246582E-05 -1.8285442780E-06  1.7096860278E-03 -6.3528065738E-05 -8.0558241957E-07 -1.4491008661E-07
  4.7388590508E-04 -9.9204796902E-05  7.6244712010E-08  7.5141763061E-06  3.3326011827E-07  7.3496692824E-04
  1.3214421517E-04 -5.9373754867E-07 -4.4979507063E-05  1.4345623748E-05 -7.2519515974E-05  1.6967349512E-06
 -5.0253093381E-05 -1.5183700775E-05 -2.1068720489E-04 -5.9014776444E-05  1.5319263948E-03  4.5577401852E-04
  1.6965319583E-04  5.9572896819E-05  1.8909816791E-06 -1.9562801456E-07  9.4103406226E-07 -8.5799184691E-07
  2.0516108435E-04  2.4360556481E-05 -3.0095693263E-05  3.4971593088E-06  1.0341818688E-05 -4.9737042830E-06
 -1.2233352110E-06  1.0581556011E-03  9.0703987682E-06 -1.4076866591E-06  2.6146395247E-07  1.1811689831E-07
  3.2008186737E-07  5.0571677560E-08 -2.3129356420E-07  6.3880403427E-07 -2.3920975181E-07  1.9835570160E-07
 -1.6995829722E-04  3.5224333667E-05 -1.7837055647E-06  5.9373774660E-07 -2.1255900590E-04  3.1534362709E-05
  3.3815650262E-06 -3.1069558538E-06 -1.8432562030E-06  9.9266992025E-07  1.2950302941E-06  6.0022616416E-05
 -5.0565858404E-06 -3.0293107820E-07  3.8072977708E-08  4.4191128970E-04  1.3137306109E-04 -1.4801128773E-04
 -1.7735751013E-05 -8.3663979810E-06 -1.1453552146E-05 -8.7000713389E-05 -3.7637988650E-07  3.2142029621E-07
  3.0003094203E-04  5.3863856744E-05  9.0564792596E-06 -2.7034183402E-05  6.8126265136E-07  8.3136044654E-07
 -1.5863468396E-04 -1.2424479568E-04 -5.0489932456E-06 -7.7512939286E-07 -2.4134544525E-06 -8.4873897158E-09
  7.6041061135E-05 -1.1324038302E-05 -1.0442739827E-06 -9.2539885648E-07  1.8057711752E-06 -1.8315730112E-07
 -2.8648452327E-07 -3.1676379934E-06 -6.7195504405E-06  4.7612046369E-05  3.6818108179E-07  9.0517561821E-06
  4.8057762854E-05  5.9139598895E-07 -4.8085369817E-09  3.1159030786E-05  5.6355678838E-06  3.0503555117E-06
 -1.5553514842E-05 -1.2926294765E-05  3.2211404804E-06  1.5482933197E-04 -6.0140050866E-06 -2.0677394288E-06
 -4.8918179256E-04  7.3007353301E-05 -2.3314394014E-04  1.9549881161E-05 -2.1926006386E-07  1.7394804637E-07
  3.4987527513E-07 -3.0333738958E-04 -4.2643686782E-05 -3.0309816113E-06 -2.2945056277E-05  4.3047293298E-07
 -6.4510155047E-07 -2.1764450210E-06 -5.9479957371E-07  8.2156732824E-07  8.6149294380E-08 -3.0179363026E-06
 -1.1365532874E-06 -3.6871327949E-06 -1.4474883799E-06  4.9101686017E-05  1.1623054554E-05 -4.5409834429E-06
 -1.4864847119E-06  6.8901421840E-05 -1.3046609500E-05 -8.1938599510E-07 -5.5480907255E-04 -6.5810609880E-05
 -2.7981182643E-05  2.9100380789E-04 -3.3474563477E-05 -7.2060338941E-04 -1.7854098102E-04 -9.9713139904E-04
 -1.7922958986E-04  4.0992326701E-07  2.0996108374E-06  4.8431403843E-07  2.2195080465E-07  6.8524836329E-04
  9.6280381832E-05 -1.2008112740E-06 -6.1414431949E-08 -2.9112286659E-07  2.8427413312E-07  3.5840853812E-06
 -8.9325496046E-07 -1.2318704145E-06  6.9944800090E-07  1.0938090511E-05  4.4624200763E-07 -5.1772510684E-04
  9.7718806219E-05 -4.1943568578E-06  5.2406593993E-04 -7.8349393464E-05 -3.4769651661E-06 -4.9570993861E-07
  9.4136691463E-08 -1.2695878107E-06 -3.8185838826E-06 -8.5722757676E-05 -1.2086029133E-05 -9.5315780047E-04
  7.9439304976E-05 -1.0325743868E-03  2.1554273869E-04 -1.2337182542E-05  1.7152691000E-04 -3.2369471469E-05
 -1.9426146511E-04  3.2450816776E-04 -1.0543349692E-03  1.1957888312E-04  9.5547151454E-07 -6.7092043367E-07
  6.8018251056E-07  5.3864375208E-07  1.6731607865E-04  2.3464420620E-05  6.3423525750E-05 -2.9334235624E-04
  3.5768711069E-05  8.2375089293E-06  1.4208798957E-04  2.7268439161E-05 -1.0405796278E-03 -2.2550165793E-04
  5.8573502211E-07 -4.5851694500E-06 -4.3013826865E-07 -1.7248625952E-06  1.5015903263E-06 -1.5435076335E-06
 -8.2426597986E-04 -9.7217723059E-05 -4.4572076077E-05 -9.2447530925E-04 -3.2026949149E-04  1.1811445188E-06
 -7.1797243744E-05 -1.5435212569E-05 -2.8172230769E-04 -5.8326928308E-07 -5.0572728740E-05  8.2843920537E-04
  5.8234754266E-06  4.9177091404E-04 -9.2814039822E-05  2.1179070045E-06  5.4681059564E-07  1.6214842038E-06
  2.2703450905E-06  2.8003790169E-07 -1.5947729917E-06  8.7760391982E-09 -3.2134301970E-07 -5.3223204781E-05
 -1.6836233403E-07 -2.0308189537E-04  4.1472793427E-05  4.1562098265E-07 -1.0835739262E-06 -1.1390303773E-04
 -4.0147003533E-05 -3.2970416691E-06  2.1970412798E-06 -7.6528474245E-08 -7.2586781999E-07  8.3233799344E-08
 -2.7470437835E-05  8.3020130698E-05  1.2171721300E-04 -1.8222905964E-05  5.3544609781E-07  9.8111350952E-05
  7.7007915611E-05 -4.0341636219E-05 -5.1080065359E-06 -4.6511916753E-06  1.0060745780E-04  1.4098593197E-05
  1.4323545257E-04 -1.6540886308E-05  3.3839771471E-09 -3.5708665236E-05 -1.0633189364E-05  6.6071283637E-06
 -6.1304198812E-07  8.3728814866E-08  1.9204966935E-06 -7.6256626993E-05  2.9439128054E-06 -4.0817278513E-06
 -6.8214376695E-07 -4.2098787863E-07  1.2377260475E-03  2.2246776334E-04  1.5292452905E-06  9.6385207810E-07
 -1.3057522921E-03  1.9509951393E-04 -7.3375002192E-07  5.1094038775E-06  1.2658245693E-03 -2.3874977852E-04
 -1.3581247289E-06  2.4551596428E-06 -6.0431452233E-07  6.0217910112E-08  7.6868057175E-08  1.4137695243E-06
 -9.1255127228E-07  1.1868106362E-03  1.6685743138E-04  8.5856174356E-04  2.1177293381E-04 -7.0976179658E-04
  6.0288067172E-05 -1.0751094882E-06  9.8061247759E-07  6.8959836914E-05 -1.3187395325E-05  4.0878071394E-04
  5.7278309836E-05 -5.6222839472E-07  1.0130485128E-06  1.5815139479E-04  3.3978774700E-05 -1.3018896672E-04
  1.5203438987E-05 -1.0556747948E-06  1.0782360709E-06 -1.4347016065E-06  1.8904898057E-06  2.1484909331E-06
 -7.8323008329E-07
     2   S    1.8848407151E-01
  1.7577982060E-01 -8.0360763691E-01  2.8340658438E-01 -4.7326306018E-01  4.3374746469E-04 -4.2840864434E-04
  1.5121286894E-03 -2.8110908987E-03  7.3197420112E-04 -3.0835994137E-04 -1.1618610393E-03  1.2771943588E-03
 -8.6223256747E-03  1.0284595661E-01 -2.0763318739E-02 -8.5263322923E-02  3.7001257921E-05 -3.4407233159E-05
  3.7288563890E-03  3.1296055901E-04  5.3688757599E-03  5.6763124781E-05 -4.6587182450E-03 -1.6098264147E-03
 -1.2512137693E-05 -1.1222845182E-06 -6.4745064386E-05 -1.2969386585E-05 -8.8592215395E-07 -1.5732679088E-06
 -1.2213717939E-03  2.9682429343E-04 -1.2334451283E-04  3.8227128490E-04 -3.3652856703E-06 -6.7817129261E-04
 -3.7437398648E-06 -5.4697195138E-06 -4.0923900839E-06  2.5813655509E-06 -1.4945688597E-05 -3.5250689150E-04
 -2.7457113901E-04  4.0333961530E-06 -1.0815440020E-03 -9.0321275517E-05  4.7418872814E-04  1.6811159591E-04
  1.4895893052E-07  4.0617070378E-07  5.3391979399E-06  2.9720610636E-06  7.9182133545E-08 -3.1112817276E-06
 -9.4352159484E-04  2.2938274047E-04  1.4507543256E-03 -5.1914985996E-05 -1.4194145290E-03 -4.1721072170E-04
 -2.8784393008E-06 -1.1647207255E-07 -1.9011250369E-05 -5.9799620670E-06  9.0701901070E-07 -1.0654439597E-06
 -3.1474404037E-06  9.7299809238E-08  1.8849373290E-07  5.9904353137E-07  3.6972987088E-05  2.9564445905E-06
  1.5709167564E-04 -9.7018323424E-04 -8.5410705846E-08  1.8644475571E-04  1.1541284038E-03  6.4741410203E-07
  2.0934720154E-04 -5.0943496784E-05 -8.0730298052E-07  7.0120971593E-07 -2.3456959580E-04 -1.9570982502E-05
 -6.8503822635E-04 -1.1132644948E-04  3.8812262148E-07  1.6683251395E-06  4.7332879207E-07  5.6534564854E-07
  3.0837884529E-04 -5.0181346060E-05  5.7754944244E-07  1.7027335963E-06 -5.3077987269E-06 -2.3472381115E-07
  3.9814515767E-07 -3.5644925309E-06  7.2769529611E-04 -1.7690346338E-04  3.5075650999E-04  5.7026423836E-05
  9.0054999539E-07 -1.3626448487E-06  1.1466923802E-06  9.8663378407E-07 -2.7826991033E-04  2.2561644397E-05
  2.7377506990E-04  6.7274038558E-05  6.2000749363E-07 -2.6066015956E-07  3.5502131778E-06  9.8207827216E-07
  3.1276532559E-04 -5.0733796787E-05  4.7455329306E-07 -3.7232612084E-07  2.2005914931E-07 -1.2897333358E-06
 -1.6358096983E-06  4.7939757274E-08  2.6668971417E-04  2.2341743264E-05 -4.6631477522E-05 -7.5495407895E-06
 -6.6692770805E-05  1.0832094354E-05  1.6032986185E-04  2.6037804015E-05  3.2165311310E-07  1.0860485459E-06
  4.6334156626E-04 -1.1264095065E-04 -3.3585295492E-05 -7.4875222203E-06 -3.7828910902E-04  6.1357420504E-05
 -5.4872362292E-05  6.1314556099E-06 -1.4033259376E-07  2.5899251020E-07  5.4539933937E-05  1.1659050580E-05
 -1.1011529217E-04 -6.5743579768E-05  1.3069901405E-07  3.0923260738E-08  9.0884781551E-07  2.9829779020E-07
  8.2802855107E-08  7.0079123461E-09 -4.6623060999E-08  5.3971127585E-08  3.1636078795E-07 -3.4524235995E-07
 -5.7523363707E-07  4.2577634407E-07  1.7759195653E-06 -3.4665018079E-04 -2.8979576932E-05 -2.7003613954E-06
  6.0530058688E-07 -1.0302822333E-06 -1.6477215006E-06 -1.1486380992E-04 -1.8679805053E-05  4.2758503041E-06
 -7.7205320174E-07  8.7450190815E-05  1.0871540987E-04 -8.0032213901E-06 -1.0276335949E-04  4.3025610491E-05
  4.2374344600E-04  9.3034287527E-05  4.2756740123E-07  1.0976742722E-04 -3.1832532952E-04 -1.6953760008E-06
  3.8284876144E-08 -2.9303254451E-06  9.3053717105E-05  1.2635756873E-03 -2.1375724004E-07 -4.6889168117E-07
  3.4506795709E-06 -2.2664994960E-04  5.5110547543E-05 -2.7193152116E-06 -7.7726625065E-06 -3.8401325936E-07
 -6.4139450190E-06  1.5844378902E-04  5.1582911520E-05  1.5282323805E-06  3.3805932051E-04 -4.3407063411E-04
 -1.3337656719E-05  1.2726161265E-03  7.7489237404E-05 -7.1883439359E-07 -3.2138805389E-04 -7.6878679486E-04
 -7.2438368716E-07  3.5256153802E-07  5.5199339766E-07  1.5231315892E-04 -4.3239066447E-04 -3.7589631139E-04
 -3.1433775153E-05 -4.4182206224E-04 -2.6384036323E-04 -7.0136680130E-06  2.2323457218E-07  3.5612910457E-08
 -4.1719085144E-07 -2.9182311527E-04  4.7318069935E-05 -2.2209037949E-07 -2.7637197633E-07 -4.9774120727E-07
  1.3077845130E-07  1.0892666851E-06  5.2658122741E-07  1.5442871614E-05  2.8715606359E-06  4.1010598041E-05
 -1.4731286218E-06 -2.1135550237E-07 -5.0315848413E-07  1.6725846202E-06  4.6499799660E-05  1.5231126210E-05
  1.7912725727E-06 -1.4281774582E-05  4.8143771080E-05  1.7849241886E-06  6.4633309489E-07  4.4676655075E-05
 -5.7342171930E-05 -1.4375973351E-09 -6.0182864652E-08 -8.4998288312E-08 -4.1166971404E-08  1.8355884506E-07
 -8.4469380933E-07  4.0717390817E-04 -1.1777721318E-03  3.3588738410E-05  8.0589649230E-05  6.2850239868E-07
 -4.1741453914E-07 -1.7157366244E-07  2.2748827063E-06 -6.1220031072E-07 -1.2050327731E-06 -9.0398429026E-09
 -7.8587602423E-07  1.9722679529E-04  3.2050137851E-05 -3.2092905552E-06  3.6745944044E-06  4.9527009395E-05
  9.2906092695E-06  2.6281919020E-04 -2.5869343480E-07 -1.6709729703E-04 -4.0028027596E-04  6.5268037952E-05
 -3.1397841446E-07 -1.6009719456E-07 -3.4930339941E-05  9.9381930689E-05 -2.0837463571E-06 -6.2816217847E-05
 -8.5038787469E-04 -2.3369231378E-04 -5.2703487057E-05 -1.4979694001E-04 -9.1512705697E-05 -2.3351673172E-08
  1.0185124664E-07 -6.9975858083E-08 -3.7578498383E-06 -1.4554937316E-07  2.7934786678E-06  1.2268046703E-06
  1.4733122323E-07  1.8454514752E-07  1.7743426637E-04 -2.8791672285E-05 -9.8671947906E-07  1.6038322254E-06
  1.9411728542E-06  1.4960321572E-05  2.9266827541E-06 -1.5080303823E-05  1.5266361762E-04 -5.1937354230E-04
  2.9803273988E-06 -1.0234766921E-06  1.1036081184E-07  2.6313273957E-04  4.2758297732E-05  1.8341844696E-07
  4.7779754674E-06  6.1216535477E-05 -1.3034002006E-04  1.6860462891E-05  1.3080712341E-05 -7.7370466227E-04
  2.1849534298E-04 -6.1493845678E-04 -4.1729253747E-07 -4.3043198952E-05  1.7577024584E-04 -1.6714794470E-06
  9.4735948451E-06  1.0422426003E-06  4.7033512876E-07  2.7671348650E-04  6.6282855253E-04 -3.0337764198E-07
  9.4784962376E-07 -1.3746835153E-07 -1.7653498112E-09  4.6475661094E-06 -7.0698133286E-05 -1.3795196917E-05
  3.7341233440E-07 -2.9279978077E-07  3.4752586589E-06  1.5880674212E-07  4.8846684900E-06 -1.6592931263E-04
 -5.2602470934E-05 -1.9055845304E-04  2.5243737708E-06  2.6487200781E-06  2.1261144010E-06 -1.0522323948E-04
  1.3684685649E-04 -4.7246526950E-05 -5.8145479867E-04 -4.5952476014E-05  1.3307571816E-04  2.3197709834E-06
  6.5416269651E-07 -2.3524549867E-07  5.7990576054E-07  1.6390789563E-05  2.2238320137E-04  2.4249078968E-04
 -3.1358769179E-05  7.9140746333E-07 -1.1690196341E-06  2.7345520362E-07  1.0145937996E-07  2.5586798912E-07
  1.0484715641E-06  1.4524990873E-06  7.7481764516E-07  1.5806511123E-04  3.0730127469E-05  8.0362697146E-06
  3.0253640811E-04 -1.1110512401E-04  3.7002019230E-04 -1.1186334809E-06  7.4064141629E-07 -4.5506378635E-06
 -9.9090494885E-07  2.1248053279E-07  4.4595996034E-08  4.0407926921E-07  1.3708516238E-04  3.0091669300E-05
  1.1752032233E-05 -1.3847859447E-06  1.4492658282E-07 -1.7916807896E-04  7.2915172077E-04 -1.0865502976E-06
  3.8061091666E-07 -2.2020656917E-07 -3.9943949013E-07 -1.0953594146E-05 -2.2083643651E-06  2.0853653647E-07
 -1.5181662314E-05 -1.3719701668E-04  4.2293948305E-07 -7.9404747832E-07  1.7080429592E-05 -2.2360935398E-06
  3.5687966914E-05 -1.6743695331E-04  2.6907305753E-06  4.8766562224E-05  1.1699930076E-04  1.8826498345E-07
  7.8966254571E-07 -7.8161606560E-05  8.6715778334E-07  8.1250113157E-07  8.2621441358E-07 -3.4322334298E-07
 -3.6879664456E-08 -3.8085034320E-08  8.0988556849E-07 -4.4421096118E-04 -9.7244657261E-05  2.7044105937E-06
  2.4220415776E-05 -5.0929972039E-08  2.3969009535E-07 -6.1930160973E-08 -1.3287252820E-06  1.5983564319E-05
  2.1889315547E-04 -1.9345292477E-04 -6.3215336540E-05 -9.2587500704E-06 -4.4795609872E-06 -3.2912297618E-05
 -2.1104597128E-05 -2.0794591702E-05 -4.0948862130E-06  2.8106619361E-04  1.6707661816E-04  1.6299993585E-06
  5.1238986371E-05 -6.6032517679E-05 -1.6341715554E-06  3.6973202425E-08  4.2677216470E-05  5.0217739172E-06
  2.3399175264E-06 -4.2863475374E-05  8.8477727426E-06 -4.5164469051E-07 -2.0094730531E-06  4.9906603024E-05
  6.6845741445E-04 -1.0087078334E-06 -2.5097629729E-06 -1.4062148929E-04  5.5224397182E-04  8.1066263301E-07
 -9.9206738517E-06  5.0854379836E-07 -2.4258898052E-07 -2.2263997654E-06  1.7350609773E-06 -1.2780742013E-04
  9.2217800257E-07 -1.3691083680E-06 -4.1541609608E-08  2.3356486885E-05 -1.8859966120E-04 -2.2650174487E-05
  3.0508125139E-04  1.8206021919E-04 -2.7647622407E-06 -2.0285489938E-05  9.5202980688E-05  1.9278502868E-05
  5.3243036515E-04  7.3947288114E-06 -7.3255809104E-06  9.3430197231E-07 -7.0196575980E-08 -3.0551866024E-04
 -7.3121838736E-04 -3.4980657928E-06  9.8496679843E-06 -9.2164434882E-06  2.9755472522E-05  9.8003111466E-08
  7.5603433814E-05 -2.1732452853E-04  6.5268703173E-07 -4.2378831713E-06  1.6512286204E-04  8.0466460831E-04
  1.0699474540E-04 -4.8648452493E-07  1.6401905510E-07 -5.7767268965E-07  3.7211703599E-07  1.5703175661E-06
  7.1532368585E-07 -5.4556544716E-05 -7.4081510943E-04  2.9149976812E-04  9.5689945927E-05 -5.9557122342E-06
  7.6079086123E-05 -1.1207916758E-05 -9.5014445381E-06 -7.7073523836E-05 -1.3754273861E-05 -7.6549983813E-04
  9.8073361328E-04 -5.1272564700E-06  3.3226437687E-07 -2.7860075817E-04  8.0666208833E-04  1.0718249801E-05
  1.9158965299E-06  3.7126182975E-05 -2.9232265298E-06 -3.1508835714E-04  1.3620080604E-06  1.3186908458E-04
 -1.0725390351E-03 -1.3050721458E-04 -1.1003170866E-05  3.9917083610E-05 -4.7477875904E-05  1.4001684455E-04
  4.0319725836E-04 -1.1364481145E-03  5.9266069045E-06 -3.6280573225E-04 -7.9671546001E-05 -1.5335819056E-04
 -1.0423439908E-03 -4.5736550609E-06 -1.8768057074E-07 -1.7165668003E-07  5.8650724793E-07 -6.5095273926E-07
  1.9234480621E-06  6.5183325923E-06 -6.2959486336E-05 -1.6993788476E-03  8.7243630659E-07  2.8706301117E-07
 -9.6467116675E-05 -4.7061923980E-04  4.1068010283E-07 -6.4085444153E-05  2.1410080403E-06 -1.3067332504E-04
  7.3592497357E-04 -4.5038311057E-05  1.5730745915E-07  7.2463376156E-05  1.4107622169E-05 -6.3805719620E-07
  1.2775725237E-05 -5.2459234362E-05  5.9140862614E-05 -1.8775058033E-04 -4.5225462514E-04  1.5450164941E-03
  6.0164779987E-05 -1.7013310007E-04 -6.0224143433E-06  1.4930204908E-06 -3.1650962553E-08 -1.3496934265E-06
 -2.5063161613E-05  2.0391606848E-04  3.3529109141E-06  2.9812309015E-05  2.5126735400E-05  1.1687007843E-06
 -6.4146199104E-06  1.1100916065E-05 -1.0574398195E-03 -5.0784902179E-07 -3.2902502207E-08 -2.4459067125E-07
 -1.8936593510E-08 -1.2130901677E-07  6.8254493610E-08  6.7514881671E-07 -2.6736674395E-08  1.8746057817E-07
  3.4686465066E-05  1.6825770138E-04  2.2328400197E-05  8.8991477800E-07  3.1243873851E-05  2.1094392010E-04
  6.6243148680E-06  7.5174270988E-07  1.0117590676E-06 -2.8452341808E-07  3.1262488300E-07 -4.8218232636E-06
 -5.9963665161E-05 -2.2778763676E-07 -6.8074116063E-07 -1.2986309828E-04  4.4315415821E-04  1.7925261890E-05
 -1.4778620708E-04 -1.8625398551E-05 -8.6923284762E-05  1.1258006913E-05 -1.0052648434E-07  6.5913884798E-07
 -5.3272373009E-05  2.9949365841E-04  2.6928750128E-05  8.7176139940E-06  2.7343375386E-06 -4.4072649182E-07
  1.2415254195E-04 -1.5949117342E-04 -3.1644554530E-07 -8.8783985887E-07  2.7412613991E-07  4.6523111908E-07
 -1.1189978109E-05 -7.5729470631E-05  2.6020245277E-06  2.8938860925E-07 -1.6486693534E-07 -7.2084472354E-07
  1.1276846407E-07  4.0730349339E-07 -4.7629838932E-05 -6.6018253690E-06  4.5024219584E-07  4.8089819371E-05
 -8.9865087792E-06  2.8333877495E-06 -9.1709283658E-08 -5.5528431572E-06  3.1416369100E-05  1.5477362425E-05
  3.0300757222E-06  2.7658639175E-06  1.4796279533E-05 -5.4897907706E-06 -1.5402303180E-04  3.5670080529E-06
  7.2029448844E-05  4.8871831161E-04  1.8871928184E-05  2.3286262574E-04 -2.4084964493E-07 -7.1760006330E-07
  1.8378479420E-07  4.1876322869E-05 -3.0227009327E-04 -2.3015278872E-05  2.9920360711E-06  1.5198052391E-08
 -4.8017289127E-06  7.4925135806E-07  7.7978396352E-07  1.1172387184E-07 -5.6121386456E-07  1.3107196171E-06
 -3.3347139155E-06  1.2667023152E-06 -8.2120574752E-06 -1.1970013503E-05  4.6657781067E-05 -6.2788431975E-06
 -1.1066569895E-06 -1.3029167002E-05 -7.0250131926E-05  4.0595847381E-06  6.7658076531E-05 -5.4940967693E-04
 -6.7758677074E-05 -3.2572161194E-05 -2.9107721640E-04  1.7700771516E-04 -7.2069760205E-04  1.7721991706E-04
 -9.9740607759E-04 -1.5776978831E-07  5.2858645131E-07  6.0990945931E-07  1.0688797675E-06 -9.4895387119E-05
  6.8514313523E-04  4.7430821717E-07  4.2258023435E-07 -7.2385737932E-07  2.1381601913E-06 -2.4881662181E-06
  1.3800030813E-06 -5.2481131889E-07  3.4228820484E-07 -1.2867146509E-06 -6.2268200493E-06  9.6537938716E-05
  5.1776214092E-04 -7.6793489846E-06 -7.7234378343E-05 -5.2507988134E-04 -1.7832390920E-06 -3.5676069085E-07
  1.0204516506E-07 -1.2422941681E-06  9.6546012788E-06  1.1857058682E-05 -8.5880952948E-05  7.7583084483E-05
  9.5271037254E-04  2.0995469127E-04  1.0239318351E-03  1.3741572770E-04 -3.1975193971E-05 -1.7145335762E-04
 -3.2233081599E-04 -1.9291341789E-04  1.1885610176E-04  1.0478005550E-03 -2.5989918846E-07  1.3954955767E-07
 -2.9610914914E-06 -2.9546769089E-07 -2.3158713385E-05  1.6686844505E-04 -2.9555410578E-04 -6.5379756017E-05
 -1.1404698485E-05  3.5739486980E-05 -2.9513084477E-05  1.2974328638E-04  2.2215820989E-04 -1.0482628312E-03
 -9.2340557958E-08 -6.9491536629E-06 -7.6927743481E-08  2.3941607395E-06  8.0086105634E-07  1.2686602053E-06
  1.0073069130E-04 -8.1783598395E-04 -9.9965463590E-05  3.1825385763E-04 -9.1825931840E-04 -1.7208568486E-07
  1.5502987008E-05 -7.2680503579E-05  4.9907486616E-05  2.0755420896E-06 -2.8021498717E-04  1.0026144676E-05
 -8.3534880580E-04 -9.1555030248E-05 -4.9084161301E-04  1.8778777821E-06  4.6329296826E-07 -2.9238267160E-06
 -9.3390973421E-07  3.3491475544E-07  2.4280157262E-07  1.9943400482E-07 -5.2578288969E-05  4.3650945191E-07
  1.7009947592E-08  4.1447701973E-05  1.9896230729E-04 -2.4797817165E-06  2.4805361240E-05 -3.9548609887E-05
  1.1225929661E-04  1.3315281853E-06 -6.1705354985E-07 -5.6124726403E-07  8.5920961918E-08  5.4949533334E-07
 -8.3484232321E-05 -2.7125956847E-05 -1.8001509999E-05 -1.2256459281E-04 -2.4881795907E-07 -7.6653392500E-05
  9.8591558702E-05  4.6611325035E-06 -4.2584853667E-05 -6.2786592458E-06 -1.4050162420E-05  1.0138920812E-04
 -1.6019171790E-05 -1.4361168400E-04  1.0296082589E-06  1.0527216733E-05 -3.5968434361E-05  4.2533625202E-06
 -1.5981963429E-07  1.0550584317E-07 -1.3046268152E-06  2.7264391074E-06  7.6271876658E-05  7.7305499642E-06
 -7.2097550578E-07  1.7537558377E-07 -2.1987505636E-04  1.2377180685E-03  2.1539267436E-07  2.1448361227E-07
  1.9216132561E-04  1.3058476124E-03 -7.6933827783E-07  8.5435238628E-06 -2.3616039501E-04 -1.2658105357E-03
  1.0812277977E-05 -1.9290512061E-06  1.6580371797E-07 -4.4083226663E-08  1.7899126099E-06 -1.0439592411E-06
  5.3739233121E-07 -1.6431357027E-04  1.1870283760E-03 -2.1045866685E-04  8.5308228226E-04  5.7209834231E-05
  7.1634649134E-04 -4.8573457420E-07 -2.0697038384E-06 -1.2914063680E-05 -7.0199771304E-05 -5.6619958956E-05
  4.0768992521E-04 -2.4179263767E-08  2.1476921360E-07 -3.3498352351E-05  1.5661930708E-04  1.4444024163E-05
  1.3089319817E-04  5.9319832978E-08  4.7533896626E-07 -6.9396753348E-07  5.7978048236E-07  9.0534363955E-07
 -8.6318676480E-07
     3   S    1.9290253228E-01
 -1.2365220482E-04 -6.9862236113E-04 -1.4847959138E-03  1.1099386583E-03  3.6747410045E-01 -9.2680296493E-01
 -2.7208593794E-02  7.2486127109E-02 -8.0966738129E-05 -1.4730581708E-05 -1.5286790370E-05  4.4798493879E-06
 -2.6168879233E-04  5.2097362438E-04 -2.6399803865E-04 -3.6848400585E-04  1.4316246208E-07 -1.9964124502E-07
  1.3310246131E-05  7.0549733429E-06  1.8017732415E-05 -4.6013338717E-06 -1.4038550792E-05 -9.4611412793E-06
 -6.5826344231E-07  3.1094202457E-06 -1.1345800929E-06 -4.7816590764E-07  5.1774104400E-09 -2.4255561819E-08
 -3.7952388689E-06  2.6619240833E-06 -1.1514458722E-05  2.3930588735E-06 -1.0272430203E-05 -6.5665159806E-06
 -7.8585738229E-09  2.9013901653E-07  6.8042821202E-08 -1.7131121648E-07  3.7143093882E-07 -2.5076295461E-07
 -3.9239086962E-06  5.2184615704E-08 -3.6204480662E-06 -2.0246885986E-06  3.5778014774E-06 -1.8544706549E-06
 -2.0221753842E-07  3.5033168236E-07 -7.4904720470E-08 -1.0618294084E-07  4.9624932747E-09 -2.6084897101E-08
 -2.8043943069E-06  1.9863539240E-06  5.6356523596E-06 -4.1083083941E-06 -4.4933391831E-06 -5.3901955825E-06
 -5.7753266358E-08 -1.2231628299E-06 -2.6030981253E-06 -2.7599357894E-07  3.1636458949E-09 -6.9633949491E-09
  1.3943552906E-06  5.6208663005E-07  4.4018798042E-07 -1.1111105147E-06  2.0932780149E-07  2.1169395931E-07
  8.4871798006E-06 -4.8972826510E-06 -1.5945386564E-09  8.7557027581E-06  5.4544410138E-06  3.8669294474E-09
  6.0398770974E-07 -3.5000241644E-07 -5.2629966059E-09  1.0340384985E-08 -9.2399552063E-07 -7.4231864126E-07
 -2.1427870217E-06 -1.3567707204E-06 -2.8019867584E-07  1.6329365745E-06  1.7057782747E-06  2.9557719232E-07
  9.3629328527E-07 -5.4602644814E-07 -2.7016097106E-09  2.0652068958E-08 -5.7092193841E-06 -8.8720646542E-07
  6.2235224582E-07 -4.0025740622E-06  2.2569056408E-06 -1.8504434673E-06  1.1103912464E-06  7.5641714725E-07
  7.5255044249E-07 -1.3796434229E-06  9.6951059846E-07  5.3248367183E-07 -9.5532625297E-07  6.2983396318E-07
  8.4104678444E-07  7.7748576278E-07  3.0750437297E-08  8.9753736607E-07  1.2939589288E-06  4.1449450798E-08
  9.3747170779E-07 -5.6636449478E-07  2.7360557219E-09 -5.3710225236E-09  8.9981773052E-08 -7.1212753408E-07
  1.1104846889E-07  1.4725880823E-08  8.5770398803E-07  4.2470876584E-07 -1.8138910820E-07 -1.6051757724E-07
 -1.9293352678E-07  9.1783389720E-08  5.5833729674E-07  4.5900093979E-07 -2.2467122281E-09  1.3859533265E-08
  1.4391679920E-06 -1.2573897718E-06  7.4609845093E-08 -1.3141827796E-07 -1.2146444635E-06  8.3274757287E-07
 -1.8185242663E-07  1.2318317507E-07  7.4120584590E-10  1.6124084851E-09  1.6832553842E-07  1.4149166494E-07
 -2.2737505275E-07 -1.9763397625E-07  1.2841348580E-08  2.1215183170E-07  2.9414724051E-07  1.8892740281E-10
  1.2201659002E-09  1.0652730662E-09  2.5590103757E-08 -3.2406536878E-07 -5.8443369258E-07 -4.8341339167E-08
 -4.0858911839E-09  8.3054653638E-09  1.9209712988E-07 -1.1625417865E-06 -6.9288665775E-07  9.7510687956E-08
 -4.0496133160E-07 -2.3707555304E-07  1.4408286351E-08 -3.5163372380E-07 -1.9267543462E-07  1.2098280640E-07
  8.6176923053E-07  9.1595177256E-07  4.1482511518E-07  1.9838962372E-07 -2.8647924231E-07  3.7091675870E-07
  1.6160654297E-06 -4.2349394163E-07  4.5289295954E-09 -4.2349072729E-08 -5.6499316275E-07 -1.1928526098E-07
  7.1038070303E-10  9.8905970895E-07 -1.4336629245E-06  4.1499298671E-06  1.1049252932E-09 -6.8923112507E-09
  1.4410468516E-06 -7.0114731766E-07  6.4786213277E-07  6.5797481602E-07 -3.1602347521E-09 -1.0129779364E-07
 -4.2486636731E-07  4.3594755825E-07  4.7605354074E-07 -7.1125278313E-07  1.4963250279E-06 -7.8405362443E-07
  1.7663274038E-06  4.1615760549E-06  3.0632912188E-07 -2.9306083162E-07 -1.9136543629E-06 -2.0077570833E-06
 -5.0247677738E-09  1.5467238642E-07  9.8806051072E-09 -1.7619001523E-07 -1.3724450867E-06 -1.2706950063E-06
 -8.1288622623E-07 -1.0744685306E-06 -1.6905039151E-06  1.7680746552E-07  2.4372908745E-09 -2.3550366693E-08
 -2.6525620323E-09 -9.4824860611E-07  7.0645458914E-07 -1.4340248776E-07 -3.7910434243E-07  2.9970449018E-07
 -1.3433387360E-07  1.1444338235E-06  2.5217973311E-08  7.3926469483E-08  4.1098077540E-08  2.5303388963E-07
  8.4488411226E-07  7.9204103163E-07 -8.1385986261E-07  9.2841682725E-07  1.1345713164E-07 -1.3539768811E-07
  9.3566882083E-07  1.8643232814E-07  1.1759637248E-07 -1.3165577259E-06  7.5672691708E-08  3.2824846157E-07
 -2.0451339812E-07  4.7283638599E-09 -9.8221465231E-08 -1.6808632031E-07 -8.6861010695E-09 -1.6443770216E-07
 -1.6408897918E-07  3.2963209926E-06 -3.3553277859E-06  6.2429034524E-07  5.2083675842E-07 -6.4317550863E-07
 -1.6537863981E-06 -3.6063793992E-09 -6.9170697185E-07 -1.8609815310E-07  6.4584094393E-09  1.8442648916E-08
  1.4332546490E-07  6.3570594935E-07  4.5202798142E-07  3.4134451741E-08 -4.8158674905E-07  6.0973195481E-07
  1.1335180687E-06  1.1621261818E-06  8.2324586971E-08 -8.2852708547E-07 -1.1315851388E-06  2.5793970881E-07
 -1.9414975932E-07  3.9251775286E-08  1.4274106014E-07  5.4065077742E-07 -1.0704956100E-07  1.0096648237E-06
 -3.1637964060E-06 -7.4644315539E-07  9.0047846073E-08 -3.3632336013E-07 -4.0508274378E-07 -2.9455260930E-10
  7.0332977093E-10  4.9665335002E-10  1.1745000387E-07 -5.1064757761E-10  1.1450730062E-07  4.4059501214E-08
 -1.1358121538E-08  4.1452911367E-08  5.7237787941E-07 -4.3900230740E-07  4.7589826601E-07 -4.2554900811E-08
  3.6445361147E-08  4.9927308960E-08  4.0247693986E-08 -4.8070987721E-08  1.7918886794E-06 -1.5950115504E-06
  7.5317688394E-07  3.8920845126E-07 -2.0138043354E-07  8.4672655061E-07  6.3205502167E-07  7.0083023858E-08
  2.4840025376E-07  4.0794530080E-07 -6.5628286075E-07  6.3130962389E-07 -7.9198887207E-07 -2.2689744788E-06
  1.2837254014E-06 -1.5261461503E-06  2.2250715468E-07 -5.1259236374E-07  7.0852672264E-07 -1.4972417764E-07
  1.0435301110E-06 -9.2887375106E-07 -1.2579019103E-07  1.9892023085E-06  1.9567383989E-06  1.7225445826E-07
 -2.0765434471E-07 -8.9366572024E-08  1.0758542649E-07  1.6272176128E-07 -6.5634441237E-08  1.4080972818E-07
 -1.6646016469E-08 -1.2044551692E-06  1.0343929645E-07  2.2651115850E-07  8.2434738065E-07 -5.1108055278E-07
 -4.8779479605E-07 -6.8869532637E-07  3.5984793786E-07  1.2986498941E-07 -2.3947013166E-08 -1.0691783053E-06
  3.8423723300E-07 -9.7042231910E-07 -1.9280374319E-06  2.6760576958E-07  9.7711274902E-07  1.7969829079E-07
  3.4825033352E-08  3.4040530042E-08 -1.8975441579E-07 -1.1963284612E-07  7.4637886096E-07  8.7094564538E-07
 -4.4677986830E-07 -2.0306750798E-07  3.3356056886E-07  4.9695920708E-07  2.8616970898E-07 -6.7756226694E-07
  7.5608278528E-08  6.9949125472E-07  4.9045140130E-07  7.2768168952E-07  3.8881271360E-07  4.4230371674E-07
  1.0110716404E-06 -9.3806169314E-07  1.0940013944E-06  8.6339090649E-07  1.6918198577E-08 -2.2064088688E-07
  3.9351808815E-07  4.3789810929E-08  3.3451194662E-08 -2.4168660483E-08  4.7298809209E-07 -5.7859193233E-08
  1.9152248184E-07 -5.9605120031E-08  6.5561283276E-08 -1.6691723916E-06  2.2008340554E-06  1.3864280160E-07
  9.2754751515E-10  2.0774149582E-07 -2.1476012063E-09 -5.3558931584E-08  7.7794030564E-08 -6.9214044846E-07
 -2.7226239896E-07 -5.4938107887E-07  8.3139571211E-08 -1.3084765963E-07 -6.6551993359E-08 -1.9653703716E-07
  5.9268031809E-07 -6.7092270878E-07 -1.5536734050E-06  7.3813226862E-07  3.8289487642E-07  4.5946070074E-08
  1.7405485834E-07 -1.2502360813E-07 -4.2891605208E-09 -3.8669802882E-08 -2.9761253373E-08  5.2620745027E-07
 -1.1278723035E-07 -9.9877120273E-08 -5.7803202447E-07 -1.7763298577E-06  5.0902055934E-07  4.2420922702E-07
  2.4672855820E-07 -1.0886137926E-09 -8.1615360748E-08  1.6567495619E-09  8.9668012453E-07  4.2748611148E-08
  5.0209356773E-07 -5.1234642895E-07 -1.2542892103E-07  6.7425059520E-08 -2.7721987770E-07 -2.2786790414E-07
 -1.9775734985E-07  6.3772981966E-09 -2.1304596040E-07  6.6645800229E-07  1.1013731407E-06  8.1919294009E-07
  6.3863983232E-07 -5.8064599919E-08  3.0689565223E-08  5.5647015978E-07  1.4267459923E-07  9.9128359283E-08
  1.7237377562E-08 -1.3600989407E-07  1.1254900730E-07  1.0337989092E-08  3.2807279195E-07  9.6158360394E-07
  2.2370918523E-06  5.0096815714E-07  9.0468866973E-08 -1.1669335323E-06  1.7435887006E-06 -3.0424919230E-08
  6.3876754120E-07 -6.4157493745E-07 -3.0536167808E-08  5.1386721425E-07 -7.8005734387E-07 -7.1832227909E-07
 -7.3971082134E-08  4.8795117510E-07 -6.3339855277E-08  1.0916760370E-06 -8.6130818672E-07  1.6235110328E-09
  7.4100170205E-07  1.2972989461E-06  6.1565181174E-08 -9.5315680923E-08  2.4954764971E-07  1.4396475899E-07
  1.4643688614E-06 -1.2030495663E-07 -1.2287826463E-08  1.0934256667E-07 -2.2834534579E-09 -1.8888675716E-06
 -1.9333087659E-06 -6.5489172465E-07 -6.6168088006E-08 -2.3425525776E-08  5.4310246571E-07  6.8795652439E-10
 -1.7301136300E-07 -4.9456770034E-07 -8.3222574840E-07 -1.7495879147E-07  2.3734877004E-06  2.7034701261E-06
 -3.8655809724E-07  4.0008766608E-08  6.7951794126E-09  3.4707468091E-07 -9.0659345838E-07  6.0818650405E-07
  2.1618277618E-07  8.4570488179E-07 -2.4952669472E-06  8.4130491879E-07  7.5542020490E-07  2.9932003570E-08
  2.5101010767E-07 -1.8427427990E-07 -2.0175286943E-06 -2.4935358022E-07 -1.9437987035E-07 -3.7926084981E-06
  2.2106809043E-06  1.1093057010E-06  5.5054105912E-07 -2.0108405140E-06  2.3199449736E-06  1.1584922209E-07
 -4.5997243361E-07  3.7407757548E-07  9.4241103868E-09 -9.4288844355E-07  2.9270830195E-07  1.8165721071E-06
 -3.2665122836E-06 -7.5401269329E-07  4.3358435773E-07  3.9815432954E-07 -1.5065710470E-07  8.6280876827E-07
 -2.0769952868E-07 -4.2508999603E-06  8.3941233103E-08 -1.4273123844E-06  3.8347951204E-07 -1.7067018589E-06
 -3.2130162147E-06  2.7958724230E-07 -2.8227326199E-09 -3.9674692273E-10  2.0138732281E-06  3.2502437390E-07
 -1.7086708024E-07  1.3100954426E-06 -2.6667075921E-06 -5.6003606640E-06 -7.4414604324E-07 -1.3741254108E-08
 -5.4700025253E-07 -1.4576635777E-06 -6.8497851075E-08  1.0351307297E-06 -1.9200096485E-09 -1.0134200219E-06
  2.1616539570E-06 -3.7763796339E-07  5.5815378917E-07  2.6475884706E-07  1.5939131068E-07 -6.7971920939E-08
  1.3895096772E-06 -1.9827727335E-08  4.8473079829E-07 -1.3292841743E-06 -3.1984291534E-06  4.3457917456E-06
  1.9731609912E-07 -3.8163406004E-07  1.2483506195E-06 -4.5219954293E-08  1.6005089700E-07  7.2685971540E-08
 -1.8652497536E-07  5.9512902566E-07  4.4623100370E-07  1.3952884328E-07  8.4845434771E-08 -3.7393406573E-07
 -2.2104011412E-08 -1.2793805775E-06 -3.4730039609E-06 -2.8408083017E-07  5.3844047233E-11  3.4475143603E-08
 -6.4289540324E-08 -2.5153020053E-09  1.1178191764E-08 -6.0124734246E-08 -2.6677894199E-08 -1.0661094518E-08
 -3.7188239901E-07  3.8076792218E-07 -3.1160222753E-07  4.9511700940E-07  7.9652949212E-07  8.0419512185E-07
  1.4342867154E-07 -1.3949370214E-07 -7.7748394720E-08 -1.1339859846E-07  1.9251838334E-07 -2.9922819275E-07
 -2.6233794188E-07  8.7704625756E-08 -2.4371933144E-08 -2.3655923012E-06  1.4862438512E-06  8.6693401055E-07
 -6.6685869412E-07 -1.0859480709E-07 -3.4196998716E-07  1.7471688570E-07 -8.0021051065E-09  9.6376748489E-07
 -7.1515628083E-07  1.0100316232E-06  1.2762299537E-07  4.6521560839E-07 -3.7164852053E-07  2.4899354869E-08
  6.5795540539E-07 -3.8208921248E-07  9.4522467780E-08  9.4508418072E-09  2.4862420955E-08 -2.5830413810E-08
 -1.9868738915E-07 -2.1637606331E-07 -6.2247217162E-08 -1.7723087012E-07  4.7227128772E-07  3.1396625551E-07
  1.1339420479E-07 -1.6678696597E-07 -1.5734318130E-07 -1.1287511967E-07  6.9148804101E-08  1.5435122301E-07
 -1.2194862401E-07  1.0541130675E-08 -2.8697641904E-07 -9.4842248260E-08  9.4467050470E-08  1.1976279941E-07
  7.3344755417E-08 -4.5501384423E-07 -4.8853195640E-09 -1.2740283453E-06 -9.4338141221E-07 -4.3264244548E-07
  1.0731968302E-06  1.5287188213E-06  1.0411060574E-06  9.7927022218E-07 -3.1025279437E-07  3.1949768879E-07
  7.0266295771E-08  1.4396975043E-06 -1.2142747499E-06 -1.9447944053E-08  9.9897322208E-09  2.6812321802E-08
 -3.9198710994E-07 -3.9217982728E-08 -3.3550051507E-09  4.7849936107E-09 -2.5555936941E-08  4.6341794036E-07
  2.0872450819E-08 -7.7711325952E-08 -3.4438440428E-07  5.9158948236E-07 -4.2063952104E-08 -7.0923754341E-07
  8.3316209125E-08  6.4490582214E-07 -1.3421329797E-08 -6.9904319018E-07  1.7426378777E-06 -1.9558617320E-06
 -2.9310512671E-07 -1.1342906812E-06 -1.1294519192E-06  1.6665223649E-06 -2.1522002731E-06  1.8918771305E-06
 -3.0077832848E-06 -8.1533357329E-08  4.7040911693E-07 -3.0588067315E-07 -5.6084023718E-08 -1.2321833209E-06
  2.1318408029E-06 -6.2612771752E-07 -3.5535713242E-07  2.2922860121E-07 -3.8160611981E-07  1.9515226734E-08
 -1.2175707708E-07 -1.9983414513E-06 -1.4033643274E-07  5.3256329174E-08 -1.2948017554E-06  1.2503291151E-06
  1.6400608655E-06 -1.7261624785E-07 -5.3801650018E-07 -1.4925252920E-06 -1.7313737154E-06 -1.9096871388E-07
 -1.0103004593E-07  1.1288441961E-06 -4.4212813796E-07  2.1907405979E-07 -2.8471369290E-07  1.5202000399E-06
  2.9986261753E-06  2.3002570851E-06  3.4001287047E-06 -1.6072969284E-06 -4.7180208758E-07 -5.5684276199E-07
 -8.0383911365E-07 -1.1017943716E-06  1.6887730547E-06  3.2643438877E-06  4.3473290388E-08  1.3385022389E-09
  9.5666255879E-08 -1.7770217470E-09 -4.5292993428E-07  5.6258965413E-07 -1.0588723762E-06  1.7067948096E-07
 -6.1860080115E-07  9.7813303983E-08 -2.9760255662E-07  7.7501011608E-07  2.2326677006E-06 -3.1307399236E-06
 -1.0646010235E-09 -1.8890921474E-06  3.5770664412E-10 -5.1529739007E-07 -3.1799903012E-07 -1.9649205136E-07
  8.4250429972E-07 -2.3105927692E-06 -6.5172847558E-07  2.2879660246E-06 -2.6177190854E-06  5.0338975332E-07
 -6.4426919830E-07 -5.1210690819E-08  1.3142633806E-06 -5.9580150930E-07 -1.0483373704E-06 -1.0595354950E-06
 -2.7698863433E-06 -1.8523259712E-06 -1.7200889429E-06  1.7194706747E-08  1.0653538313E-07 -5.6982449400E-08
 -1.8680039096E-07 -6.4475615667E-09  1.5188516599E-08 -1.4904948308E-07 -2.3631790329E-07  2.1827896750E-07
  3.3312113705E-08 -8.5917149695E-07  3.6153183285E-07 -2.4311665295E-08 -4.2627527115E-07  5.7581541163E-07
  9.3444777005E-07 -6.3407499070E-07  1.8891485090E-07  1.2958242553E-08  2.4095073895E-09 -7.1233516655E-08
 -2.6033142808E-07 -4.0376571348E-07  2.8313145873E-07 -2.5315750422E-07  1.1044432885E-07 -1.1030974745E-06
  3.9567388825E-08  1.1029101067E-06 -4.5031905371E-07 -1.0113956788E-07  6.1467010342E-07  7.2336070016E-08
 -6.0577698422E-07 -5.5672474521E-07 -1.3218068648E-07  1.1043270904E-07 -1.1041919373E-07  7.8087737706E-07
  1.2763456225E-08 -2.8493074158E-09  7.8427004831E-07  2.1444919456E-07  2.8906132006E-07 -1.9642631134E-07
 -5.1669399903E-07 -3.1829603003E-07 -2.5652583903E-06  3.8405263813E-06  1.8661300584E-07  8.3162392467E-08
  2.7454993467E-06  4.1680070905E-06 -6.7459753418E-07  2.4928137502E-07 -2.3749195372E-06 -3.8256982830E-06
 -6.2605574316E-07  1.1304016761E-06  4.0741063631E-08  8.0647970960E-09 -6.9987008225E-07  8.9882912394E-07
 -1.8464736431E-07 -2.2479086940E-06  3.7227243714E-06 -1.8394978327E-06  2.5117647653E-06  1.1008419187E-06
  2.2534566819E-06 -9.7874281472E-08  5.1666003706E-07 -1.1449192239E-07 -2.0615633893E-07 -8.5804156745E-07
  1.3058748771E-06  1.5629139148E-07 -3.9039527600E-08 -1.1671982942E-06  6.7298458176E-07  1.0631440261E-06
  7.0398487855E-07 -2.9820463062E-08  1.5307376828E-07 -1.2419047128E-06  2.1656833732E-07  2.6362782604E-07
 -1.2138534563E-06
     4   S    1.9291544000E-01
 -4.3076375973E-03 -1.7983007558E-03 -1.1345526495E-02 -4.2660745065E-03  7.1536716039E-02  2.9878360345E-02
  9.2686005136E-01  3.6705158167E-01 -9.0968206980E-05  2.3191484362E-06  5.7868188710E-06  2.8267534206E-06
 -3.8749256218E-03  3.6453566757E-04 -3.0145996284E-03  1.8356131513E-04  2.1522389214E-07 -1.4323705461E-06
  9.6094453309E-06  9.8725328373E-05  2.3243914688E-05 -1.2845852742E-04  1.9290549191E-05 -1.1728762660E-04
  3.9768908038E-07 -1.1777493418E-06  3.3105934751E-06 -1.2275059537E-07  2.2548019048E-07 -2.8156100323E-07
  1.9676641075E-06  3.1165489970E-05 -3.6066188521E-05 -1.1989702357E-06 -4.0459870146E-05 -1.0692568456E-05
 -4.5228044512E-08  8.2885597870E-07  1.6880261643E-07 -5.0172534235E-07  2.7770872342E-07  7.1918891952E-06
 -1.5666233714E-05  3.9859311507E-07 -2.6323814000E-06 -2.6934787895E-05  9.8402899246E-06 -1.5530188773E-05
 -1.6643517867E-07  2.2006311011E-07 -3.3784331384E-07 -4.0524974723E-07  8.4546530386E-08 -2.8015810150E-07
  1.4432924999E-06  2.3212027186E-05  6.4259143917E-06 -3.9738506286E-05  3.6818450013E-06 -4.0626356559E-05
  2.0063616854E-07 -2.5138348214E-06 -1.0727421304E-06 -2.6876388431E-07 -4.8219160043E-09 -2.6306071183E-08
  1.2542773273E-06  5.1122757921E-07  5.8985064058E-07 -1.5457524984E-06  1.8785677562E-07  1.3044573060E-06
  4.0467659719E-05 -3.1143615893E-06 -2.3650943299E-08  4.4736164368E-05  3.1708901122E-06  5.2947543760E-08
 -3.3595274135E-07 -4.8942608771E-06 -2.3579677581E-08  7.7574781444E-08 -7.6420971095E-07 -6.5718774622E-06
 -3.0606344672E-07 -1.6742335914E-05 -2.7558175482E-07  1.6507220464E-06  1.6063841328E-06  2.5531783124E-07
  1.0453117330E-07 -7.3659964589E-06 -6.4704421554E-08  2.1931439671E-07 -3.8285178761E-06 -5.9951889888E-07
  9.1075883840E-07 -5.7779138670E-06 -1.0217724837E-06 -1.8525657015E-05  1.8269702274E-07  8.6746314042E-06
  5.1557073754E-07 -9.4985723527E-07  1.4030349593E-06  7.7719060091E-07 -7.4697562304E-07  7.0698643932E-06
 -3.9007969178E-07  7.1593738644E-06 -2.9061165149E-08  1.3030291156E-06  8.5307189220E-07  3.6188634233E-08
  1.1694048594E-07 -7.4424340107E-06  2.2289608895E-08 -7.5415692767E-08 -1.3676472899E-08  1.6651003119E-07
 -7.7403850552E-07 -9.5590140580E-08  5.9503560355E-07  6.3205273206E-06 -5.0103103881E-08 -1.3219062356E-06
 -1.1719881631E-08  1.5185485773E-06  1.3240022022E-07  4.2656221535E-06 -4.3439437990E-08  1.3825708230E-07
 -6.2894168882E-07 -1.1938750103E-05  6.4872705660E-09  1.8170727019E-07 -2.0761243796E-07  9.3930045838E-06
 -1.0082252504E-07  1.3789137933E-06  1.0137002645E-08  1.0567919262E-08 -3.6060185617E-08  1.3950624407E-06
  9.6175860028E-07 -2.4079067367E-06  4.3648666732E-09  2.9141261472E-07  2.1043510848E-07  5.6501264622E-09
  1.5694932207E-08  7.5571654560E-09  4.3796922182E-08 -6.0696854651E-07 -2.9816821540E-07 -2.9823242832E-08
 -3.1949636303E-08  9.8987889868E-08  1.9522003842E-07 -8.5977633419E-07 -8.5404969113E-06 -6.7585349026E-08
 -1.3193036917E-07 -3.9347114525E-07 -6.1630071361E-08 -3.7092085401E-08 -2.6988231118E-06 -1.7185163899E-07
  4.5340720018E-06  1.1505319337E-06  7.2552648633E-07  2.7059209300E-06  5.8153022198E-07  2.7977065314E-06
  4.1744528617E-06 -9.8802453481E-06  3.9683252763E-08  5.5109031905E-06  1.1314647484E-06  1.6929420608E-07
  3.5040918992E-09  9.6033758663E-07 -2.9009920572E-05  7.3991534591E-06  2.1746005158E-08 -6.7593859432E-08
  1.2912342767E-06  3.0109139639E-07  5.9094025162E-06  1.9596016400E-07 -1.4067099085E-07 -1.3523105953E-07
 -5.4632628188E-07 -5.7716549948E-07  4.1781937185E-06 -6.6453047986E-07  1.1165002248E-05  5.9884354074E-06
  2.9842116550E-05  5.6634241094E-06  4.5851446188E-07 -2.3057840023E-06 -1.8880432718E-05  4.2802865260E-06
 -3.5556673990E-08 -5.5828198739E-08  1.0782073274E-07 -9.2795569970E-06 -5.1961377632E-06 -9.6840897076E-07
 -9.3969142996E-06  4.4407854134E-06 -1.1972402166E-05 -2.9652547898E-07  2.4369772458E-08  1.7424058587E-07
 -1.8614062270E-08 -1.8596127288E-07  7.3924605597E-06 -1.3534158350E-07 -3.0912526740E-07  3.4399085522E-07
 -1.4029092381E-07  1.1909113427E-06  4.0797964417E-07  5.7946961887E-08 -1.0675076574E-06  2.4133299198E-07
  8.0770241454E-07  7.8873889344E-07 -8.3894420202E-07  9.9267940823E-07 -1.9628239071E-07  5.9991414249E-07
  9.5842769208E-07 -4.6813430986E-07 -1.5996497018E-07 -1.3324057093E-06 -5.5917606689E-08  1.8488115495E-06
  9.9709647705E-07  7.3543433498E-09 -1.7024109857E-07 -9.6778958192E-08 -8.8335815769E-09  2.3772830903E-07
  1.0831973069E-07  3.0233370257E-05  4.6437071302E-06  3.2587170937E-06 -6.1178713775E-07 -6.4653791728E-07
 -1.6777416576E-06 -4.0245907963E-08 -7.1048787480E-07 -1.9114134811E-07  1.4960657320E-08 -1.5084903396E-08
  1.6990357854E-07  1.1272708594E-07  4.9312471653E-06 -1.8113763783E-07 -2.7297341429E-06  8.5646198574E-07
  8.0736162232E-06  1.4406724237E-06  7.5140228266E-08 -9.2214120416E-06  2.0743985332E-06  3.6006634056E-07
 -1.6940142682E-06 -1.3508055434E-08  2.7812048803E-06  1.5967645332E-06  8.8326152277E-08  1.9918158003E-05
 -5.2277059576E-06 -1.9873572025E-06  4.8538773934E-06  1.4972827961E-06 -3.8430759721E-06 -7.3015090686E-09
  9.8401984049E-09  1.0466672974E-08  2.1777948253E-07 -4.1204035499E-09  6.9040035974E-08  1.9990237794E-08
 -2.6753495835E-08  8.3832250675E-08  1.1578991121E-07 -4.5109183270E-06  4.7016694513E-07  1.1213669528E-07
  3.8142767741E-07  2.2750363627E-08  3.8904524473E-07  2.9727484088E-09  1.4205733775E-05  1.3319631631E-06
  7.5454705957E-07  3.3695171353E-07  1.2626800518E-07  1.6174013337E-07  6.6413718054E-06 -5.9544323944E-08
  2.0869301758E-06  2.5186981594E-07 -3.5442814236E-07  4.3327780933E-06 -1.6602069654E-05 -3.0528110544E-06
  1.5186915298E-05  2.5145181684E-06  2.1410424497E-07 -4.7819324258E-06 -2.5480658728E-07 -1.5254265072E-07
  1.0370443742E-06 -9.0438550122E-07 -1.1853216550E-07  1.7025272345E-05 -3.6722323487E-06 -1.2361874351E-07
 -2.0342103095E-07 -3.2781292335E-08 -1.1975373596E-07 -1.0465805696E-07  9.2543448488E-08 -8.1758381039E-07
  3.5770115578E-08 -6.5856851242E-07  2.4995947578E-07  1.2974672904E-07  1.3113919047E-06  5.4243447042E-07
 -4.1553567764E-06 -8.7429361401E-07  4.8826622781E-06  1.2663858257E-07  5.8128275389E-08 -4.7594600629E-06
 -2.2933590588E-06 -1.3764091073E-05 -1.3794185515E-06  4.1125933273E-06  2.5256690222E-06  1.7951574937E-07
  2.3990601941E-08  2.3962450955E-08 -1.6106042506E-07 -4.7857835465E-06  1.2170753768E-06  3.3040177990E-07
 -5.8372004123E-06 -3.3655262363E-07  5.9149409779E-07  3.0654505708E-07  1.8824422408E-07 -7.0269487837E-07
  7.6324205173E-08  7.2289390466E-07  4.8958413953E-07  1.2364976335E-08  4.1010752495E-06  6.7573949734E-06
  9.8809718053E-07 -9.5351660268E-06 -1.0205598209E-06  8.8955791754E-07  7.0441157317E-08 -3.8155145816E-07
  1.6336994644E-07  8.1959782989E-09  1.9376666976E-08  5.2384552920E-08  1.2315262569E-06 -2.9988999442E-06
  8.8391366155E-08 -3.8717523722E-07 -5.0237115849E-08 -1.7841643446E-05 -1.0453954301E-06  1.3561933455E-07
 -1.9560235789E-10  2.1930610698E-07 -1.0683001823E-08  8.0280351471E-08 -1.9572810699E-07 -7.2454333517E-07
 -3.3652610226E-06 -2.7466639219E-07 -1.2111105866E-07  1.3321355598E-07  1.0334127796E-07 -5.5878951651E-07
  4.7295734901E-06  3.6011533012E-08 -1.5359888876E-06  4.0242589420E-06 -7.5491084639E-07  2.5472829841E-08
 -1.0170561632E-06 -1.0913162535E-07 -7.6316352851E-09 -1.2183788836E-09  6.8980187146E-08  5.2689632450E-07
 -1.1327710917E-07 -1.1600545280E-07 -5.8190287209E-07 -4.5145939999E-06  1.0575132131E-05  1.6682123753E-06
  2.3303817942E-07 -1.1859136132E-08  2.0810266466E-07  2.3944639512E-08  8.9414476978E-07 -4.1464265300E-06
  9.3453469186E-07  6.4781599446E-07 -3.8740979884E-06  1.3325355238E-07 -3.8879522201E-07  1.5558903927E-07
 -1.1579192169E-06 -6.5678664269E-08 -7.7682885003E-07 -2.8202788152E-06  7.5938527372E-06  8.5116965792E-07
  2.7050812139E-06  1.2914962298E-06  8.4278733300E-09  5.4842337384E-07  7.2768492050E-08  1.0750535696E-06
  1.2707464235E-07  1.6150222581E-08  1.0923928362E-06  1.5215326896E-07  3.0799936923E-07  1.5046220140E-05
  1.4803205111E-06  5.0359246072E-07  1.2942309449E-07 -1.4003247447E-05 -8.9919458163E-07 -3.2429196668E-08
  7.1783257536E-07 -6.5869786458E-07 -2.9343460008E-08  5.1556301038E-07 -4.5256834906E-06 -1.1068602622E-06
  6.1985006586E-08  4.8040051926E-07  8.6359845163E-08  6.4904823119E-06 -6.6381926608E-07  2.2773329224E-08
 -3.1001346993E-06  8.5357213771E-06 -6.1565617791E-08 -1.9401634924E-06 -6.9400447662E-08  1.0811155099E-05
  1.2984414193E-06  1.4746111396E-07 -6.9814909325E-08  3.1257113973E-07 -2.5613960681E-08 -1.8030970711E-05
  4.0342004132E-06 -6.2040960752E-07 -6.3376575440E-08 -5.0959294554E-07  5.4572826211E-07  4.5015211228E-09
  3.6793563739E-06  9.0502138848E-07 -8.2597410145E-07  8.4832819569E-08  2.1381283745E-05 -2.1069864351E-07
 -9.3332915924E-08 -3.8572214078E-08 -2.6724789003E-08  2.1256865888E-07 -6.0858109795E-07  9.6168768564E-07
  2.5049392405E-07  1.7050813370E-05 -4.3824976170E-06 -9.8398403597E-07  7.3416940884E-06 -1.6702261352E-07
  7.7441760566E-08 -1.9270602614E-06 -1.9064969614E-06 -2.4815583907E-08 -1.9610457815E-06 -2.5993053540E-05
 -1.3681383028E-05  1.1501753115E-06  5.6433611735E-07 -1.9914147135E-05 -3.0726278551E-06  1.1162076502E-07
 -4.0874841690E-07  5.9260835403E-07 -8.7875408874E-07 -1.0860866737E-06  6.9605836732E-06  2.5394995465E-05
 -1.5608947288E-06  1.1860850492E-06  1.2047131234E-06  7.2118608125E-07  3.0988041059E-06  2.3549969147E-06
 -2.4597311117E-05 -1.3952686795E-05  6.6679208072E-09 -3.6222339833E-06  8.5326949075E-06 -2.4331500187E-05
 -7.2501568257E-07 -3.9214696848E-07 -3.0136435857E-08  1.0450812899E-09  1.2903735017E-06  1.5212300206E-07
 -4.4248743697E-08  2.1010936499E-06 -4.0370170237E-05 -5.8441237059E-06 -7.2308503707E-07  2.1962783827E-08
 -1.0296798902E-05  2.8941065704E-07 -5.6204308671E-08  8.4520158012E-07 -8.5251153442E-09 -1.6584823756E-05
 -1.0112535630E-07 -5.9628936433E-07  2.3415126139E-06 -1.5148229529E-09  1.7676120368E-06  3.9374440535E-08
  1.9804349835E-06  1.8132633100E-07  5.1736754378E-06 -6.8056607334E-07 -3.6673293681E-05 -4.2355805703E-06
 -2.9773446440E-06 -1.5654426461E-06  1.2327512753E-06  5.1900282383E-08 -1.7947992308E-07 -5.1575158767E-08
 -4.4514164824E-06  2.0842160635E-07  1.5973263298E-06  2.5801821692E-07 -1.4698893559E-07 -7.5073526242E-07
  1.0552439468E-07 -2.4280633176E-05 -4.5823913476E-06 -2.7806129035E-07 -4.9955604015E-09  1.1812479848E-08
 -5.5520819047E-08 -3.5820138962E-09  1.3716805805E-08 -4.7741894821E-08 -6.2496330848E-08 -3.0263449002E-08
  2.2779911101E-06 -2.8362105394E-07 -2.8657322235E-07  5.0474632147E-07  6.1401630148E-06  3.4509818991E-07
 -1.6646134427E-07 -9.4228070671E-08 -4.8308675717E-08 -1.2385087993E-07  1.3421989347E-07 -1.8719842759E-06
 -2.7452876412E-07  7.9097371552E-08 -3.1620802485E-09 -1.4146707712E-05 -1.0499252240E-06  5.0635559397E-06
 -5.4256456431E-07  1.8196634019E-07 -1.2744665374E-07  2.1676388744E-06  2.1243481481E-08  9.7834388777E-07
 -7.6084886324E-06  6.3062133077E-08 -8.9848252773E-08  1.6625651642E-06 -4.0783806040E-07  3.7941127013E-10
  4.2885793917E-06  2.2427124380E-06  1.3487099811E-07  1.4569401406E-08  8.3311032231E-08  1.1779468382E-07
 -1.8878768466E-06 -9.2096486074E-08  8.9286222434E-08 -9.5574801190E-08  2.9149539882E-07  4.8404420709E-07
  1.8980816776E-07  2.3122940685E-07 -5.8815058566E-08 -1.2016708629E-06 -6.6592196459E-08  3.6923037841E-09
 -1.2231746771E-06 -2.1863012627E-08 -2.7990137331E-07 -8.6244021544E-07  1.9354263785E-09  3.9354457908E-09
  5.7257627460E-07 -9.1299811411E-07 -1.0169569902E-07 -6.3060866372E-06 -1.3065856153E-06 -4.4360696505E-07
  1.2084592332E-05  4.4459335500E-07  7.1963737408E-06  9.4393540611E-07 -3.1063659837E-07  3.1480352283E-07
 -4.7367590978E-08  9.4862992054E-06 -7.1506194945E-07 -1.3673675076E-08  3.7977115796E-07 -3.1235901399E-08
 -3.6994978760E-07  4.7993230156E-08  2.1610540932E-08 -2.8830907655E-08  5.8859251898E-08  3.4887615371E-07
  2.7562089213E-08 -1.2085901160E-07 -4.3544305720E-07  5.3262679281E-07 -2.7372028100E-07 -6.4242814201E-07
 -5.6668876838E-08  3.1628227690E-07  2.8320384325E-07 -6.7489029358E-07  1.5114557165E-05 -1.2109159822E-06
  4.7845305232E-07 -8.4660328673E-06 -8.1198975697E-07  1.7775257342E-05  1.0700772588E-06  2.3786394314E-05
 -3.5134475980E-08 -7.1082555855E-08  2.7403933284E-07 -4.8118689320E-07 -8.2155935413E-08 -1.6299255646E-05
  6.5932567086E-07 -3.6464480776E-07 -2.3235520843E-07  3.5747295905E-07 -6.2399796401E-07 -1.2628070800E-07
 -1.0568478996E-07 -1.2928571170E-06 -8.9974612448E-08 -1.2025175290E-07 -2.0163671576E-06  1.3022464166E-05
  2.9914937479E-09  1.9820675775E-07 -1.1426707041E-05 -2.0349870994E-07 -1.1035767718E-06 -9.6446333783E-08
 -1.9284135153E-07  1.7628039192E-06  5.7188243459E-07  2.1999941093E-06 -1.1332201928E-07  2.2383802084E-05
  2.1515273101E-06  2.5296314343E-05 -3.6108615271E-07 -1.2251452982E-06 -4.4560653455E-06 -2.0978646498E-08
  3.1604422336E-06 -8.4142193935E-06  2.4671592015E-05  1.5923621588E-06 -7.4187740407E-08  1.6161369350E-08
  8.6550776400E-08 -1.3888899177E-08 -4.3640656553E-06  2.3265831605E-07 -2.7113738710E-06  6.5135117217E-06
 -1.3053259283E-06 -3.6711972311E-08 -3.4632113929E-06  4.4798658862E-07  2.5362796783E-05  8.3550930975E-07
 -1.3928090318E-08 -1.8048139001E-06  9.6797727459E-09 -4.6605805526E-07 -3.6123675993E-07  2.3515455671E-07
  1.7989222473E-05 -9.1286714664E-07  9.8209547888E-07  2.2781319842E-05  3.5460870183E-06  4.8148030347E-07
 -2.3346415702E-07  2.8422088015E-07  8.6610804703E-06 -5.7316427780E-07 -3.0366555322E-07 -1.9129683010E-05
 -3.6535301809E-06 -1.4039182538E-05 -2.3535261921E-07 -6.4441571546E-08 -1.2075728772E-07 -2.7670080758E-09
 -2.2086501346E-07 -1.0998930110E-08  6.5401619324E-08 -2.2267915246E-07 -3.3771765066E-07  1.6015548191E-06
 -3.2872786267E-08  1.6691106234E-06 -4.5441395120E-07 -1.2602432280E-08 -4.2852113071E-07  3.9182885176E-06
  2.5406194474E-06 -5.9903800974E-07  5.6039378319E-08  5.3933429925E-09  3.1351589202E-08 -2.1199077243E-07
  2.7794188729E-07 -2.5377234769E-06 -1.6458062578E-06  1.2863661942E-07  7.7509233195E-08 -4.3072655962E-06
 -1.9585894728E-06  3.5697177561E-06 -6.1054979300E-07  1.8185655793E-07 -3.7432296134E-07 -2.8009030266E-07
 -4.2876589153E-06 -4.2042072360E-07 -1.5046595374E-07  9.4023700094E-07  9.1333811425E-08  6.4653732107E-07
 -9.4218908857E-09 -8.2190543296E-09  7.2903103379E-07  2.0470775805E-06  3.3132704559E-07  3.4089657627E-07
 -5.0803104255E-07 -3.1616290838E-07 -3.0091825201E-05  1.3549011483E-07 -1.9889631418E-07 -1.0692138202E-07
  3.2001795871E-05  1.1612108218E-06 -6.7170150155E-07 -3.0411169915E-07 -3.0097012118E-05  2.3098563665E-07
 -5.9057222950E-07  6.4728184220E-07  2.3034671719E-08  3.8371165283E-08 -1.1279627954E-06  8.7391453945E-07
  2.0137945032E-07 -2.8504538343E-05  1.1937650087E-06 -2.0782306729E-05 -1.3161945195E-06  1.6596521841E-05
  1.5948935719E-06  1.0954186239E-07  4.8393334178E-07 -1.5990113493E-06  1.8386163640E-08 -1.0033541047E-05
  4.5234169541E-07  1.9672586188E-07  1.0541037439E-08 -5.9499576996E-06  1.1056920428E-07  5.2372819597E-06
  6.6232012414E-07  5.7863931429E-08  1.1800138145E-07 -1.2301142614E-06 -2.5511363361E-07 -2.8453645173E-07
 -1.2247756715E-06
     5   S    1.9460710734E-01
 -3.2542497529E-01 -1.5314959875E-01 -6.5786443555E-01 -2.1471785346E-01 -2.7570939388E-04  1.1457329107E-03
 -1.2430059473E-02 -4.4988503293E-03 -2.1652134941E-03 -1.2741381591E-03 -3.4464539221E-04  1.0284220525E-03
 -4.9928852906E-01  7.0028188706E-02 -3.6536673587E-01  5.5763788038E-03  2.8379260880E-05 -1.5315403825E-04
  1.4617152352E-03  1.0294899574E-02  2.9701577276E-03 -1.2492266528E-02  1.2644112008E-03 -1.1579886491E-02
 -7.4907558128E-06 -2.5211946448E-06  7.4866475352E-06 -7.4990625448E-05  2.1577996305E-05 -2.9458546981E-05
  5.1687945625E-05  3.1631976394E-03 -5.6136038845E-03 -5.2182307562E-04 -6.0009786823E-03 -1.3205151966E-03
 -2.4126548875E-06  1.6095266579E-05  2.5400000454E-06 -5.2595869815E-05 -2.1858445480E-05  9.4139061817E-04
 -2.0116284858E-03  4.3128305360E-05 -3.8665246657E-04 -2.7480287098E-03  1.2355037882E-03 -1.9626585688E-03
 -3.6910078226E-06  4.9597399728E-06  4.3394668528E-06 -2.1987618018E-05  8.2561621416E-06 -2.8184830880E-05
  3.5473490359E-05  2.3254965412E-03  8.2575177942E-04 -4.3607473872E-03  2.8109283498E-04 -4.4742505890E-03
 -3.4253537112E-06  1.4363189162E-06  1.8581021602E-06 -3.6397716062E-05 -3.6168490812E-07 -3.1485545334E-06
  4.1996533744E-06  4.1953524949E-06 -1.7987422018E-06 -1.1476731443E-06  2.2591255009E-05  1.5977278665E-04
  5.3403918447E-03 -3.3077842280E-04 -2.3232324047E-06  5.7513168323E-03  3.5823382215E-04  5.0442156021E-06
 -7.2434060799E-06 -4.7169813402E-04 -2.6737547799E-06  8.6234035197E-06 -1.0214983317E-04 -7.2565361725E-04
 -1.0547852698E-04 -1.6844238512E-03  6.2060442249E-07  3.3694045494E-06  2.7513546398E-06 -1.7705045256E-06
  4.5173012383E-05 -7.2822072016E-04 -6.5150616998E-06  2.2530077691E-05 -1.0749156099E-05 -2.0222352734E-06
  2.8691037260E-06 -1.0588621861E-05 -2.9198608118E-05 -1.9053990032E-03  5.4773270631E-05  8.8093689454E-04
  1.4723230943E-06 -2.9152443400E-06  4.2419708833E-06  3.2236122945E-06 -1.0511038438E-04  7.3741035863E-04
 -1.2873064196E-05  7.5084494563E-04  9.2663657006E-07  1.3669485492E-06  6.7371553895E-07  7.1861377495E-06
  4.6166344943E-05 -7.3748352406E-04  2.2428974592E-06 -7.4891158851E-06  8.0744185248E-07 -7.2201325594E-07
 -3.1702326497E-06 -2.0870409918E-07  8.8017222052E-05  6.2575691579E-04 -9.0655211822E-06 -1.4519928112E-04
 -9.0498697880E-06  1.4510149482E-04  2.8215796150E-05  4.5396493007E-04 -4.4375824811E-06  1.4348676456E-05
 -1.9007573225E-05 -1.2408718362E-03  1.0560116847E-05 -2.2526202784E-05 -5.9853735127E-05  9.5760281494E-04
 -1.5879411972E-05  1.4251360212E-04  1.1348853761E-06  1.0669203539E-06  1.9446045549E-06  1.4472989185E-04
  7.2022030206E-05 -2.2114158407E-04  3.0060844293E-07  6.4693256264E-07  8.0800356052E-07  1.8554998415E-06
  1.5699327320E-06  8.5515426193E-07 -4.2116530330E-07 -1.0612748920E-06 -1.3590957050E-08 -6.3156129362E-07
 -3.3129335056E-06  1.0124429937E-05  2.7625749277E-06 -1.2273504108E-04 -8.7258569208E-04 -6.1147790885E-06
  9.8684285331E-06 -1.3830567197E-06  3.4743567247E-06 -1.6407031495E-05 -2.6377619829E-04  5.5727692613E-07
  6.1789252935E-04  1.4689633499E-04  8.6215267882E-05  2.8302816838E-04  5.1343340647E-05  2.9713412806E-04
  4.7128149348E-04 -1.0012091961E-03  4.1363872993E-06  4.1004219685E-04  4.4344510416E-05  9.0155801906E-07
  3.9570290259E-07 -9.8835190180E-07 -2.8659044251E-03  8.7663098662E-04  2.2351363274E-06 -7.0809518093E-06
 -1.0782505864E-05  9.5844696171E-06  6.2008329393E-04 -2.2606317124E-05 -9.1141136537E-06 -1.3003802377E-05
 -7.4860693972E-07 -4.1822195506E-05  4.4446577973E-04 -9.1905341856E-07  1.1495140663E-03  5.3871683035E-04
  2.9769651891E-03  7.0896685333E-04  5.9845421155E-05 -2.6948163292E-04 -1.8849455824E-03  3.2822676983E-04
 -3.7347968249E-06  2.3602996879E-07  1.1178552115E-05 -9.0396163945E-04 -5.7020151523E-04 -1.3677560628E-04
 -9.7182777492E-04  4.0877232016E-04 -1.2526116841E-03 -1.2075950138E-05  2.5150058222E-06  1.9407227437E-07
 -1.9475609622E-06 -4.7900825390E-05  7.6550316429E-04  6.0197653745E-10  2.6740234978E-07 -1.1939865213E-06
  1.6673777850E-07  1.3382544360E-06  4.2076104144E-05  7.9382903022E-06 -9.9825246588E-05  3.0453809134E-05
 -2.3369603091E-06 -1.3075272556E-06  5.9709109935E-07  2.7576182017E-07 -2.0274197656E-06  2.0552086292E-05
  3.4289630030E-06  8.8413024868E-06  4.8085928171E-07 -1.3091338937E-06  8.1875383717E-08  2.0663756270E-04
  9.6944916473E-05 -1.0113539625E-07 -5.1667001883E-07 -4.3817498712E-07 -4.4084581663E-07  7.1792009634E-07
  4.3313899290E-07  3.1170402281E-03  3.4219785960E-04  3.8800117823E-04 -6.7686821288E-05  2.5310039990E-06
 -1.0523458264E-06  2.5004975092E-06 -1.5284337326E-06 -7.7702537794E-06 -1.2209590709E-06 -2.9788210081E-06
 -2.2546922004E-07  3.1387318488E-05  5.0584179846E-04 -1.8627113980E-06 -3.7712873793E-04  1.1521156101E-04
  9.5223024836E-04  1.8031467441E-04 -1.0607321855E-06 -8.5941425786E-04  1.4953389477E-04  3.9766773983E-05
 -1.8169487440E-04 -4.3140299843E-07  3.1475832947E-04  1.9862282816E-04 -2.9885923766E-06  1.9698281128E-03
 -6.0251179081E-04 -2.1878058085E-04  4.6198532618E-04  1.2394445630E-04 -3.7484002242E-04 -6.8526731432E-07
  9.6022908030E-07  1.0189267595E-06  6.3996156992E-06 -3.9317113389E-07  5.0973519623E-07 -2.3023638891E-07
  8.3082733713E-07 -9.0144447562E-07  2.9295381931E-05 -4.6894454265E-04 -2.7231542152E-07 -2.5333693688E-07
  3.9810014677E-05  3.8298302611E-06  4.0652627148E-05 -1.1439401554E-06  1.5301825448E-03  9.6133400892E-05
  1.1236731234E-06 -1.8057347699E-06  9.9596739055E-07  4.2659624822E-05  6.8685944200E-04 -4.7044502949E-07
  2.4324610636E-04  3.4951442547E-05 -4.8364783349E-05  5.1268217153E-04 -1.6047738504E-03 -3.8665198405E-04
  1.4799327831E-03  1.6722942031E-04  2.5142377235E-08 -5.0001444381E-04 -8.7781317257E-06 -3.9561965881E-07
  9.2454526036E-07  3.3840762606E-06  1.1463520747E-06  1.7261877621E-03 -3.0046961557E-04 -5.9872779314E-07
 -5.7125699318E-08  4.3855488375E-07 -1.9729468842E-07  7.1961419017E-06 -7.8464459327E-07 -2.2762829973E-05
 -1.1021449453E-07  7.9982758527E-06  7.6383964166E-07  5.9319091416E-06  3.3927260798E-06  3.9160862414E-05
 -4.3533006713E-04 -1.0919500543E-04  5.0057562584E-04  1.0635943924E-06  4.9974505275E-07 -5.5292853421E-04
 -2.5763231217E-04 -1.3587215984E-03 -1.9434554845E-04  4.7432976764E-04  2.9714675839E-04  1.6337022462E-07
 -9.1176812784E-07 -8.1786110539E-07  8.9448591576E-07 -4.4024825608E-04  1.3466472751E-04  5.4052464863E-05
 -5.7204401045E-04 -3.0512352638E-07  4.8008183959E-07  1.4036094761E-06  3.5286168899E-07 -5.3439557973E-06
  5.5965623197E-07  8.9670186911E-08  1.4762436374E-06  1.2217288090E-05  4.0334080896E-04  6.7346201219E-04
  1.3030270558E-04 -9.6135765140E-04 -6.2454048543E-05 -5.7888873119E-07  2.9310570681E-06 -1.4652694005E-07
 -4.0132143181E-06 -4.5152536633E-07 -3.4968158169E-08 -2.8279022985E-07  1.3518860108E-04 -2.8741250693E-04
  2.7283998020E-06 -2.8866083870E-05  2.3012972812E-07 -1.7843516895E-03 -3.1499384583E-05 -1.6805065806E-06
 -1.3647173444E-08 -8.1049940750E-07 -1.1096649190E-06 -3.7706164457E-07 -1.2131808214E-05 -1.1563076975E-06
 -3.3257925379E-04 -3.7350356378E-05  2.3065338237E-07  4.5224493247E-07  8.0242419023E-06 -8.5213408552E-05
  5.0931731517E-04 -6.6146959854E-06  1.0614685066E-06  4.7998371649E-04 -8.3520741440E-05  3.4480575850E-07
 -3.7256182928E-05 -8.9172408377E-06  1.0755056333E-06  4.1053640941E-07  3.1349381571E-06 -1.1599944704E-06
 -1.9012658295E-07 -2.2836551082E-06  1.4877949807E-07 -5.0988360314E-04  1.0851795995E-03  2.4479357082E-04
  2.7276916961E-05 -1.2450662988E-06  1.2069128877E-06  2.4732858605E-06 -1.5875777531E-06 -3.4283182784E-04
  1.0488687125E-04  2.9636117346E-05 -3.2261538107E-04  7.9086523656E-06 -2.5020360183E-05  3.7910370114E-05
 -1.1247134430E-04 -3.3256763244E-06 -1.1024839400E-04 -2.6069735350E-04  8.0192170011E-04  6.8573265026E-06
  3.4169507736E-04  1.6037341194E-04  2.6290171727E-07 -1.1554390830E-06  1.1635707126E-05  1.1160014015E-04
  1.3358894374E-05 -2.4577193144E-06  1.1370158644E-04  1.5680158887E-05 -3.7843430511E-06  1.4717985366E-03
  2.1455516149E-04 -7.3481296956E-07  1.0843867378E-06 -1.3727901485E-03 -2.8531943485E-05  5.5100218428E-07
 -1.5846634869E-06 -3.3050599234E-06 -2.5942949671E-07 -7.2175720857E-07 -5.7344103055E-04 -1.3657986000E-04
 -1.0024565622E-06 -2.1958667344E-06  1.1615975312E-06  7.9127565783E-04 -8.2831269140E-05  1.3118074286E-05
 -2.9650955507E-04  9.0953391028E-04 -1.6369194674E-06 -1.6635868820E-04  2.2077564314E-06  9.3911062488E-04
  1.7800885310E-04  4.8273948053E-07 -4.2912979945E-06  4.5662547243E-05 -2.6758763069E-06 -1.8023248739E-03
  3.1372516132E-04 -1.4524234794E-05  9.6076347929E-07 -2.4904188875E-05 -1.4844537763E-06  4.8115146503E-07
  2.4579960889E-04  2.7501137844E-05 -1.3886972436E-06 -6.7228150526E-06  2.2592947456E-03  4.1219756927E-05
  8.0259011846E-05 -1.0575310239E-07 -4.0084885829E-07  2.8368740370E-07 -4.0780356872E-06  5.5319088031E-06
 -1.0323689590E-05  1.6873864253E-03 -5.1613937457E-04 -6.7769575173E-05  7.4405843708E-04 -9.3408645187E-06
  1.5271750740E-05 -2.0008794954E-04  2.6301118350E-06 -9.9431266473E-06 -2.0381117201E-04 -2.6357272081E-03
 -1.2378368116E-03  5.1459782090E-06  3.5949181093E-06 -1.9924483128E-03 -2.1855775674E-04  6.3701448085E-06
 -1.3943802668E-05  1.8051739999E-05 -9.1887210324E-05 -1.4459761137E-04  6.6091695701E-04  2.5034867966E-03
 -2.6539505211E-04  5.8274766440E-05  8.9551135208E-05  5.7811234169E-05  3.2520502710E-04  2.0580600562E-04
 -2.3833705569E-03 -1.5060249900E-03 -4.5208042576E-06 -4.0855238480E-04  8.6870108415E-04 -2.3746304910E-03
 -1.8356192233E-04 -7.5557975979E-06 -3.1219811599E-06  6.3326812376E-08  9.0100925349E-06 -2.4066823582E-06
  2.8364001566E-05  8.2137870497E-06 -4.0218432047E-03 -7.6034426808E-04  4.2638091754E-07 -3.4715925975E-08
 -9.3621366954E-04 -1.6561496392E-05  3.3291523616E-07 -3.9374371308E-05  4.8965862133E-07 -1.5684947127E-03
  7.4778859187E-05 -7.3428827314E-05  3.3404276472E-04  5.1823536271E-06  1.7250498314E-04 -4.6906789238E-06
  1.1838569514E-04  7.2296891287E-06  4.9762435305E-04  3.5647184833E-05 -3.6135185873E-03 -2.2471663847E-04
 -2.2813637646E-04 -1.4430458719E-04 -5.1923706047E-07  5.6469938171E-08 -6.7652743866E-07  8.5575273967E-07
 -4.0835220239E-04  4.3200095233E-05  2.3593536845E-04  2.6747384509E-05 -8.6145863650E-06 -1.4980053157E-04
  1.2136780293E-06 -2.3712468139E-03 -5.6464670840E-04  1.5897078741E-06 -5.2321107836E-07 -1.5637816700E-07
 -1.2739991942E-06 -1.9807446131E-07  8.6977562524E-07 -1.6901586484E-06  9.3711490976E-07 -3.0188721492E-06
  8.8451853940E-05  1.6962673674E-06  2.9588517054E-06  6.9797119062E-07  6.8889630572E-04  5.2974742222E-05
 -8.5439302914E-07  7.7379178521E-06  4.9896845975E-06 -3.6510324657E-06 -2.7448822400E-06 -2.2100701793E-04
 -3.1589486931E-05  8.5420980710E-07 -7.1285162049E-07 -1.6585668174E-03 -1.0409655243E-04  6.2083128952E-04
 -6.5887543536E-05  1.4431895759E-05 -2.0412558743E-05  2.1579427870E-04  7.2068439157E-07  5.2587699808E-06
 -7.8176651260E-04  3.7047895169E-05 -2.2427157639E-05  2.3881210523E-04 -1.7755548725E-06 -2.1266775371E-06
  4.3931331890E-04  2.0588690051E-04  1.4448852233E-05  1.6639903614E-06  1.2694569667E-05  1.1089416800E-06
 -1.9697191798E-04 -1.5183409392E-05  2.5601554286E-06  1.2579949056E-06 -1.1384598215E-06  5.3896724153E-07
  8.5170478197E-07  4.7259737477E-06 -1.0625687565E-05 -1.2456280497E-04  6.9655259325E-07  5.0416186079E-06
 -1.2696760002E-04  4.1646328645E-07 -1.5337334702E-06 -9.6242373167E-05  4.5656951547E-06  2.0029268356E-06
  6.5987141691E-05 -1.8667024626E-04 -3.5350106271E-06 -8.3526926541E-04 -1.5797883707E-04 -3.0845218303E-06
  1.2375712412E-03  9.5469371219E-05  8.4637255674E-04  1.2084907181E-04 -1.1578560901E-06  5.8941409249E-07
  4.6880949656E-07  1.1158354269E-03 -9.5584839505E-05 -2.7650202832E-06  2.8841803582E-05 -1.0015223688E-06
 -1.6908348889E-06  4.0507433935E-06  2.2437182195E-06 -1.7136421583E-06 -5.3491406400E-07 -4.8870785045E-07
  1.1554341893E-06 -3.1617417443E-05 -2.2120241272E-06  1.7880951753E-04  2.6801891387E-06  2.8041771390E-06
  4.7184654997E-06  1.8065121218E-04  6.7109071433E-06  1.2601662513E-06  1.6509946215E-03 -1.7418017617E-04
  3.4060104132E-05 -9.6048977760E-04 -1.0732977950E-04  1.7980044212E-03  3.1572905785E-05  2.3603227025E-03
 -1.1219854875E-04 -1.6044355108E-06 -6.1002100209E-07 -1.0740827303E-06 -9.0744073071E-08 -1.6171786050E-03
  1.3890754878E-04  6.7717514636E-07 -9.5129834319E-07  2.9466951552E-07  2.2300844774E-07 -7.3189812349E-06
  1.3761680918E-06 -9.3379557998E-06 -2.2286406999E-06 -2.5784888574E-05 -5.3663276184E-06  1.3404455968E-03
  5.2063872767E-05  1.9144100773E-06 -1.0546995702E-03 -8.1688034065E-05 -5.1605101044E-06 -5.5060852725E-07
 -1.2991318669E-07  3.4559817663E-06  7.7014551026E-06  2.3088249746E-04 -1.9854714499E-05  2.2135082148E-03
  3.1660198472E-04  2.5387582348E-03  4.5994682994E-05  9.5429393368E-05 -4.6884000542E-04 -1.8195782380E-05
  2.7911073034E-04 -8.5484158577E-04  2.4227065822E-03  2.6994071012E-04 -3.6224344719E-06  1.6105481286E-06
 -9.8107038701E-07 -1.4149370788E-06 -4.6301764031E-04  3.9707092187E-05 -2.9850523552E-04  6.3353170156E-04
 -9.7969687519E-05 -3.2777345161E-07 -3.4623883306E-04  6.5058885812E-06  2.5492208970E-03 -3.4287958514E-05
 -1.3784006327E-06  2.9361684893E-07  9.3950889523E-07  5.0527603091E-06 -3.3650260828E-06  2.1972235642E-06
  1.6651162098E-03 -1.7651356500E-04  3.8671146936E-05  2.2774735334E-03  2.5080388434E-04 -2.0069736499E-06
 -1.7218181212E-04  2.0567251532E-06  1.0068382588E-03  1.3855118077E-06 -4.7448916466E-05 -1.8796208351E-03
 -4.4879269858E-04 -1.5662927909E-03 -6.0605373883E-05 -4.4143937402E-06 -4.3383868353E-07 -5.2112039034E-06
 -6.9590104971E-06 -7.0072837858E-07  7.1164719250E-06 -5.1759378268E-07 -4.1421751722E-05  1.8741975429E-04
  7.1264364143E-07 -7.9778202136E-05 -1.2481904892E-06 -1.8582682045E-06 -6.2912609687E-06  5.1093281858E-04
  3.2198109455E-04  5.6281120171E-06 -2.8598021710E-06  4.5949495014E-07  1.6167430731E-06 -5.4357673882E-08
  2.7094589741E-05 -2.9023996222E-04 -6.5747973533E-05 -5.1965893391E-06 -1.1560922081E-06 -5.4988181092E-04
 -2.5780563563E-04  5.5624657389E-04 -5.9667716721E-05  1.5851393455E-05  1.1805450744E-04 -9.9272541496E-06
 -4.9624525643E-04 -5.5507165045E-05  1.9467824326E-07  9.8535651332E-05  6.1463680159E-06 -1.0499922807E-05
  1.1840374739E-06 -6.4581614661E-08 -2.5876351341E-06  2.2358435164E-04  4.2307204604E-05  1.0707609392E-05
 -1.3062181799E-06 -2.0440797123E-07 -3.0232747654E-03  1.4350960704E-04 -2.3326792805E-07 -2.6702617301E-07
  3.2441581723E-03  2.5042825888E-04 -1.8818434339E-06 -4.8765491082E-06 -2.9729146764E-03 -1.1553661834E-04
  7.3868513093E-06 -3.4725559054E-06  1.6190934418E-06 -5.5069109564E-08  5.4083976914E-07 -8.1501716391E-07
  2.6188436004E-07 -2.8499836012E-03  2.4479261629E-04 -2.0720183342E-03 -3.7208707106E-05  1.6354424465E-03
  2.3497955327E-04  1.7179533237E-06 -2.4688467848E-06 -1.5487653623E-04 -6.2391772301E-06 -1.0197072217E-03
  8.7461004784E-05  2.7154696083E-06 -3.1802796948E-06 -7.5198199570E-04  9.3962760008E-06  6.8480289955E-04
  7.6747414132E-05  1.6378403027E-06 -1.6094283312E-06 -2.8612838495E-06  3.9368232588E-07  2.5679009109E-07
 -4.4638208439E-06
     6   S    1.9461626624E-01
 -1.5282458449E-01  3.2578237367E-01  2.1448822850E-01 -6.5794430001E-01  9.1999183828E-04 -2.2203756480E-03
  3.0452651603E-03 -9.2879299103E-03 -3.1632529590E-03  1.3762626095E-03  7.0592672779E-03 -4.3074334001E-03
 -7.0162867353E-02 -4.9911715287E-01  5.8064263503E-03  3.6537162673E-01 -9.7502849180E-05  5.9417514969E-05
 -1.0317027195E-02  1.4408924286E-03 -1.2521269469E-02 -2.9744507935E-03  1.1600637807E-02  1.2816792602E-03
  1.8182996274E-05  4.3786220825E-05  1.0923964260E-04  1.6127120312E-06  7.8812226657E-06 -2.5490766411E-06
  3.1633257968E-03 -4.8371669228E-05  5.1993451405E-04 -5.6090971201E-03 -1.3180565672E-03  5.9961690683E-03
  1.4939716424E-05  7.2697769504E-07  1.7018352343E-05 -1.9691604775E-05  8.6336068871E-05  2.0085883071E-03
  9.4435193109E-04 -8.0085202641E-06  2.7526266652E-03 -3.8600310733E-04 -1.9601978471E-03 -1.2378807580E-03
 -6.3081260145E-06  4.9785238958E-06 -2.5765966127E-05 -1.8859582421E-05  8.5848313593E-07  2.1547182241E-06
  2.3296332926E-03 -3.6891978066E-05 -4.3653382104E-03 -8.2482497198E-04  4.4775792963E-03  2.8360660629E-04
  5.0303462145E-06  2.2485540342E-05  5.3640528808E-05  6.7500500394E-06 -3.0595569417E-06  2.6694043692E-06
  3.7629847632E-06 -1.7413479093E-06 -8.1074089322E-06  1.8165585884E-05 -1.6054266382E-04  2.2580553573E-05
  3.2971754558E-04  5.3367821157E-03 -2.2891441058E-07  3.5765133312E-04 -5.7483366420E-03 -3.5671375590E-07
 -4.7218007837E-04  7.4673764961E-06  1.8248453269E-06 -1.4127398676E-07  7.2605461768E-04 -1.0184310029E-04
  1.6869635480E-03 -1.0379272428E-04 -1.2862623597E-07 -7.3591534184E-06 -1.2290608218E-06 -1.4244762635E-06
 -7.2793990040E-04 -4.5095605986E-05 -2.9579689238E-06  6.1970336600E-07 -5.1872098380E-06 -2.5086110668E-06
 -2.0079237870E-06  1.7212078111E-05 -1.9076827812E-03  3.0198649284E-05 -8.8228344068E-04  5.4260252859E-05
  1.0374250007E-06 -2.6723414538E-06 -3.7409602136E-06 -2.4294646425E-06  7.3824710113E-04  1.0533631882E-04
 -7.5144440551E-04 -1.3748646795E-05 -8.8086770222E-07 -6.1633194710E-06 -9.1736971415E-06 -5.3651992900E-07
 -7.3889231556E-04 -4.5736614846E-05 -6.0524552966E-07 -8.3115072507E-07  1.1535164673E-06 -9.4417670404E-06
  6.4149144613E-06  1.7889291206E-07 -6.2636006217E-04  8.7736122625E-05  1.4555795823E-04 -8.9602497921E-06
  1.4517762005E-04  9.0034712514E-06 -4.5432736719E-04  2.8016959448E-05 -1.8851872268E-06  3.6969790872E-07
 -1.2421453432E-03  1.9664600087E-05 -2.1013754162E-05 -9.8921019379E-06  9.5885774818E-04  5.9367474659E-05
  1.4268354594E-04  1.5956937058E-05  6.7025976960E-07 -5.7075582930E-07 -1.4486325256E-04  1.7476973656E-06
  2.2306223427E-04  7.3005722979E-05 -2.0949154297E-07 -3.4969004131E-07 -1.5100299261E-06 -3.4643918578E-07
  2.2821003240E-07  2.1736085248E-08 -3.2562421744E-07  4.0555090835E-06 -1.4644083507E-06  6.9839592255E-07
  7.6122541077E-07  1.1733135158E-06 -4.7893754448E-06  8.7376042202E-04 -1.2242558895E-04  6.5659375183E-06
  2.1158610358E-06  8.1306187853E-06  6.9156325017E-06  2.6402032196E-04 -1.6270150240E-05 -6.9002245858E-06
  1.4646277013E-04 -6.1548605977E-04 -2.8326797625E-04  8.6440936597E-05  2.9715877741E-04 -5.2165310189E-05
 -1.0029787862E-03 -4.7071536562E-04 -2.6555991804E-07 -4.6777021785E-05  4.1869421396E-04  2.3663353034E-06
  3.8308908977E-08  6.7629388883E-07 -8.7613697874E-04 -2.8702894305E-03  1.0682775831E-06 -3.0386866613E-07
 -2.1367676847E-05  6.2040251882E-04 -9.7919431410E-06 -5.4863832479E-06  1.9010195912E-05 -3.0301966014E-06
  2.9842851651E-05 -4.4682375264E-04 -4.1469229943E-05  2.1192521222E-06 -5.4355401389E-04  1.1554931046E-03
  7.0836886238E-04 -2.9820313677E-03 -2.6761125419E-04 -5.8738233413E-05  3.2903362899E-04  1.8847751425E-03
  1.0755322152E-06  1.8907429048E-06  1.0695578615E-06 -5.6789980823E-04  8.9965384288E-04  9.7297852865E-04
 -1.3633967487E-04  1.2525839184E-03  4.0865138394E-04  1.9332321027E-05 -5.0797527226E-09 -1.3096946563E-06
  6.4434483226E-07  7.6640509218E-04  4.7481864400E-05  1.0360951216E-06  2.4316960434E-06 -2.4513614993E-06
  7.6725758066E-07 -5.2924895407E-06  7.9093889722E-06 -4.1699345298E-05 -3.0041610274E-05 -9.8191762665E-05
 -2.8810764872E-06 -5.3510250813E-06  6.6732622535E-06 -9.7424100187E-06 -2.0857187455E-05 -1.9211797448E-06
 -1.3717274422E-06 -7.1262902002E-07  1.0398039254E-05  4.2784496881E-06  4.4014573085E-07 -9.7212120134E-05
  2.0692759905E-04 -3.1569627216E-08  4.4282211977E-07 -5.8310043258E-07  4.3709298418E-08 -4.4521023184E-06
 -1.1320620451E-06 -3.4365520735E-04  3.1167270930E-03 -6.7539601329E-05 -3.8728581480E-04  8.2325915701E-06
  9.9019186945E-06  3.8839085409E-07 -1.8633046411E-06 -6.8331318474E-07  4.5770030065E-06 -2.7217200443E-07
  3.5584909030E-06 -5.0658322901E-04  3.1187213609E-05  9.1591202554E-06 -1.1502921241E-04 -3.7646792330E-04
  1.8018716766E-04 -9.5412975028E-04 -1.7663529950E-06  1.5041678440E-04  8.6085003618E-04 -1.8193834869E-04
 -4.0105669578E-05  1.1312487491E-06  1.9775917277E-04 -3.1372410489E-04 -1.2624757390E-07  6.0207261240E-04
  1.9722651616E-03  4.8052624303E-04  2.2428979840E-04  3.5342443265E-04  1.1382360760E-04 -7.2678751001E-08
  2.4263599898E-08  3.4127020426E-07  7.6135819800E-06  1.8762195683E-07 -5.0563867178E-06 -2.5331486996E-06
  6.0254333372E-08 -1.2616296144E-06 -4.6927753491E-04 -2.9074305090E-05 -4.1584306575E-06 -5.1010876665E-06
  3.7395787874E-06 -3.9817845385E-05  1.2872387960E-06  4.0678911515E-05 -9.6848034736E-05  1.5307313673E-03
 -7.1733710024E-06 -2.2070997508E-06 -2.2386086462E-06 -6.8773131980E-04  4.2369641593E-05  1.5915226710E-06
  3.4906500162E-05 -2.4622116558E-04  5.1257437283E-04  4.8264138988E-05 -3.9377633659E-04  1.6764003241E-03
 -1.5014624186E-04  1.4050222728E-03  3.6984137181E-07  9.1143897665E-06 -5.0092253006E-04  4.0557343867E-06
 -2.6004107884E-05  4.9595324588E-06 -1.7206532525E-08 -3.0181843262E-04 -1.7279141777E-03  3.2154093528E-06
 -4.8629884864E-07  8.5943008342E-07  2.8915346697E-06 -7.9039481027E-06  2.3910231112E-05 -6.3323409229E-07
 -1.9146653364E-07 -1.9423805276E-08 -9.8922479064E-06  2.0617760305E-06 -1.6887729667E-05  4.5875694964E-04
  4.4037462080E-05  4.7989563728E-04  1.0665526273E-04 -4.0035265761E-06 -5.1240260486E-06  2.7194405411E-04
 -5.7467292206E-04 -1.9379264904E-04  1.3602412006E-03  2.8492862709E-04 -4.4791811823E-04 -8.5137551955E-06
 -2.2879614398E-06 -4.2047040800E-08  8.8454334193E-07 -1.3441490440E-04 -4.4032235051E-04 -5.7274987574E-04
 -5.3856023034E-05 -1.5064218512E-06  2.0129739866E-06  6.3191102522E-07  2.9862064522E-07 -6.8090436183E-06
 -1.4129111413E-06 -4.6235140597E-06 -4.3388771643E-08 -4.0399218754E-04  1.1941955542E-05  1.3279660590E-04
 -7.1784827522E-04  5.6703876054E-05 -9.2872017417E-04 -3.8862321443E-06 -1.8867977668E-06  1.7385850150E-05
  4.8491356715E-08 -6.0294886814E-07  5.7898019783E-07 -2.4999185286E-06 -2.8803737386E-04 -1.3516578536E-04
 -2.8864245020E-05 -2.7062044641E-06  4.0317110177E-07  3.2237611990E-05 -1.7841804468E-03 -2.3514797591E-06
 -9.8998770124E-07 -3.4976218309E-06  8.1205894587E-07  1.2312540225E-05 -3.2782358724E-07  5.4472154114E-07
 -3.7172028427E-05  3.3584449747E-04  2.0370366821E-07 -1.6500702884E-07 -8.5005239177E-05 -8.0548120519E-06
  6.5067512030E-06  5.0868384603E-04  1.0897170612E-05 -8.4029852214E-05 -4.8088907052E-04  7.5701154992E-07
 -8.8334467855E-06  3.7445796593E-05 -2.8332985810E-06 -1.7774510044E-06 -3.6308038770E-06 -2.8388817180E-06
  1.4600796113E-06  4.6041994110E-07  9.1735202526E-07  1.0811775401E-03  5.0794779752E-04  2.7234160672E-05
 -2.4424861590E-04 -1.8855734177E-07 -3.3254614868E-06  7.7856651232E-07 -4.7151524943E-06 -1.0459727000E-04
 -3.4273349685E-04  3.2321413968E-04  3.0243301099E-05  2.5925660611E-05  7.9347775495E-06  1.0110979715E-04
  3.2399698464E-05  1.1014185537E-04 -3.2784452199E-06 -8.1096654500E-04 -2.6527958904E-04 -3.6441039086E-06
 -1.6069871973E-04  3.4247423786E-04  4.4753709060E-06 -1.0842202313E-06 -1.1197521395E-04  1.1814326742E-05
 -3.1934806534E-06  1.1442123590E-04  2.0674896621E-06  4.7015741412E-06  5.5497664026E-06  2.1507543067E-04
 -1.5378160741E-03 -1.9657732013E-06  7.2043921718E-06  1.9308677392E-05 -1.3038846444E-03 -1.6037087931E-06
  1.9217856736E-05  2.3992805595E-06  7.7945108036E-07  2.5646528867E-06 -1.3676612919E-04  5.7531427435E-04
 -4.7156638238E-06 -3.4914148308E-06 -1.3332110290E-06  8.0239776398E-05  7.8106645693E-04  1.0371725901E-04
 -9.1096288019E-04 -2.9742334712E-04  8.0848354518E-06 -2.0964840913E-06 -1.6662862596E-04  1.7763234341E-04
 -9.4150132842E-04 -2.3073388165E-05  4.5572057051E-05  4.3107497064E-06 -4.3080065350E-07  3.1504693708E-04
  1.8037193638E-03  1.8804806019E-06 -1.3658877656E-05  3.9368242150E-06 -4.0661139558E-05 -1.4095743030E-07
 -2.5981276466E-05  2.3843314464E-04  2.3942919680E-06  4.6142926354E-06  5.0254072494E-05 -2.2416738905E-03
 -2.8183854092E-04  2.1711526783E-06 -5.8647614518E-07  1.5234850524E-06 -1.3959890360E-06 -9.7035907639E-06
 -6.6564051102E-06  5.1585482948E-04  1.6898179975E-03 -7.3982297512E-04 -6.9018527518E-05  1.1032913266E-05
 -2.0045223092E-04 -1.5303166375E-05  3.2252744718E-05  2.0410247296E-04 -9.4099710176E-06  1.2307601616E-03
 -2.6232369103E-03  4.7688512860E-06 -6.5506072638E-07  2.2017377559E-04 -1.9951023600E-03 -2.2501898623E-05
 -3.8477016375E-06 -8.7958696884E-05 -1.5534686626E-05  6.6589020796E-04  1.4697426207E-04  2.5495244167E-04
  2.4874616001E-03  3.1486568659E-04  5.3218436455E-05 -8.0378440497E-05  1.8403268149E-04 -2.8427416494E-04
 -1.5159039286E-03  2.4079871079E-03 -2.8846710522E-06  8.6917715513E-04  4.0810277427E-04 -1.8230625523E-04
  2.3807467273E-03  1.3875639633E-05 -1.7189298057E-07  4.3158398787E-07  1.8569130336E-06  1.4980984958E-06
  4.3855248251E-06 -2.7298194729E-05 -7.5736233066E-04  4.0037497528E-03  3.8837089375E-06 -7.3236005014E-07
 -2.0392176757E-05  9.3331589247E-04  2.8740728640E-07  1.1213442852E-04 -3.5143398376E-06 -7.3506628300E-05
 -1.5740055354E-03  3.3454131182E-04  7.3564255270E-05 -1.7265514683E-04  5.1773576351E-06 -2.3356508993E-06
 -9.0346518511E-06  1.2174802211E-04 -2.7309787980E-05  4.6494728056E-04  2.3268135129E-04 -3.6457772124E-03
 -1.4473291963E-04  2.3025878377E-04  1.6809530915E-05 -2.0493228756E-06  3.3730756463E-06  6.4399525167E-06
 -4.1535049700E-05 -4.0592028331E-04  2.6634575981E-05 -2.4272856085E-04 -5.2891772625E-05 -2.5138457389E-06
 -1.3825331896E-04 -5.6395522502E-04  2.3737367938E-03  5.5171041648E-06 -1.9493838241E-07  3.2904377920E-06
 -3.1426158052E-08  3.2264427155E-07 -4.5203926920E-07 -3.7404342824E-07  2.8962513595E-06 -5.6112041284E-07
  1.8109391622E-06 -8.7755291005E-05 -8.7257212687E-06 -1.6043969192E-06  5.2852136927E-05 -6.8570479894E-04
 -1.3625483556E-05  2.7673566531E-06  4.0640476275E-07  9.5496140467E-07 -3.1040893309E-06 -3.1547830743E-05
  2.2122752630E-04  1.4016179834E-06  1.3477043165E-06  1.0529310107E-04 -1.6624974804E-03  6.3270967316E-05
  6.1858158988E-04  8.1429369913E-05  2.1593177123E-04  2.0264478053E-05  5.8338260060E-07  2.5092225196E-06
 -3.6694381011E-05 -7.8197306837E-04 -2.3869066492E-04 -2.2099170682E-05 -5.8548602513E-06 -2.8633650847E-06
 -2.0757843389E-04  4.4112701205E-04  1.3944568830E-06  2.6484770828E-06  1.8979111296E-06 -7.9669249162E-06
 -1.5119288103E-05  1.9664276442E-04 -7.1267048000E-06 -8.3720071505E-07  9.8665797871E-07  1.5678654416E-07
 -1.0743122710E-06 -2.0185228138E-06  1.2477451098E-04 -1.0605143198E-05 -2.4223114959E-07 -1.2716530060E-04
 -4.7786423697E-06 -7.4238542976E-06 -1.1477557445E-06 -4.5286555193E-06 -9.6203369722E-05 -6.5858591228E-05
  1.9363370051E-06 -4.5083056307E-06  1.8015325163E-04 -1.5772228454E-04  8.3412989624E-04  2.5044306624E-05
  9.4973305976E-05 -1.2374905843E-03  1.2056008335E-04 -8.4476084421E-04 -1.1581748535E-07  1.0045425751E-06
  2.6071468680E-07  9.5297470975E-05  1.1143824579E-03  2.9059444503E-05  2.6817538978E-06  2.3555744108E-07
  1.5977427793E-05 -4.0535394758E-07 -1.4017813877E-06 -7.9967399785E-07 -4.5497908575E-07 -1.1537500233E-07
 -1.7599424091E-06 -7.4245210737E-07 -1.5238911270E-05 -3.8127587304E-06  1.8681112890E-04  9.4598282297E-06
  5.1013600418E-06  7.0964326179E-06 -1.7703184541E-04 -7.9535801495E-06  1.6783233415E-04  1.6367623980E-03
  2.1368234087E-04 -1.0701451111E-04  9.6181544475E-04 -3.2695622832E-05  1.8004757828E-03  1.1073298161E-04
  2.3648342123E-03 -3.3588794353E-07  8.5936650333E-07 -1.4204031293E-06 -2.5463236705E-06 -1.3808849380E-04
 -1.6191963166E-03 -1.0846804342E-07 -3.8482090578E-07 -1.7692263959E-06  1.4165021010E-06  2.4778307320E-06
 -4.8252586413E-06 -1.8926178178E-06 -1.7658615145E-06 -3.7744614882E-06  2.6420431266E-05  5.1403017094E-05
 -1.3420317368E-03  1.7067883687E-05 -8.0976227949E-05  1.0597969616E-03 -2.5585480384E-06 -1.7250437696E-07
  4.4639542660E-07 -5.4275943832E-07 -3.1341461114E-05  1.9729904492E-05  2.3161135575E-04  3.1565740146E-04
 -2.2156497584E-03  5.5946808978E-05 -2.5244148471E-03 -3.1178869827E-04 -1.7986613245E-05  4.6907498757E-04
  8.5047288129E-04  2.7728265609E-04  2.6897476854E-04 -2.4105892975E-03  1.7178962451E-06  4.5997805375E-08
  1.2037018327E-05  3.8320546152E-07 -3.9513076144E-05 -4.6250971658E-04  6.4092927765E-04  3.0043440109E-04
 -3.9970659018E-06 -8.9370157634E-05 -6.2505960182E-06 -3.0558077822E-04  3.1148062600E-05  2.5718312911E-03
 -7.0647030186E-08  2.0805181186E-05  3.7553058134E-07  1.4223808037E-06  3.0275219576E-06 -7.4383496835E-06
  1.6958458125E-04  1.6542743835E-03  2.0746350187E-04 -2.4901030782E-04  2.2653842635E-03 -8.0924923013E-06
 -2.3600931457E-06 -1.6997748969E-04  4.7368605015E-05  2.3295464084E-06  1.0039250713E-03 -4.5022777418E-04
  1.9001399822E-03 -6.0196323002E-05  1.5655647796E-03 -5.5791397918E-07  1.9873447421E-06  3.5848206386E-06
 -1.1135650203E-06 -7.5580592218E-07  4.9783403972E-07 -1.6425457883E-06  1.8534725251E-04  4.0779906815E-05
  9.9637239137E-07 -1.8942621217E-06  8.4209242159E-05  7.4548107905E-06  1.7499867477E-05  3.1929108031E-04
 -5.0532042927E-04  5.7947803966E-06  8.5858795970E-07  1.4123304366E-06 -1.2828334374E-08  8.6286491086E-07
  2.9206269844E-04  2.7179137033E-05 -4.9809956536E-06  6.7485633199E-05  4.6670535001E-07  2.5992134452E-04
 -5.5269161949E-04  5.6863621496E-05  5.5845978768E-04  7.5640857560E-05  1.0098763533E-05  1.1583598433E-04
 -5.5339632015E-05  4.9781177406E-04  9.7828367014E-07 -6.3748531399E-06  9.9721650211E-05 -2.3676385809E-05
  1.4360372724E-06 -3.7085866487E-07 -3.7306482186E-06  4.2268083139E-05 -2.2377378658E-04 -2.1975201818E-05
  1.0211968419E-07  3.4715602973E-07 -1.4193166789E-04 -3.0256727707E-03  2.5037677379E-06  5.1310734721E-07
  2.4901882816E-04 -3.2476639789E-03  1.4187430435E-06 -1.6984396013E-05 -1.1394076112E-04  2.9765188173E-03
 -1.9205868793E-05 -4.6223727022E-07  2.4786632303E-07 -5.7783670543E-07  1.0957192268E-05 -4.2922602422E-06
 -5.6638658816E-06 -2.4340130475E-04 -2.8541222733E-03  3.6638208768E-05 -2.0616368900E-03  2.3457827409E-04
 -1.6538474371E-03 -1.0219159640E-06 -2.9248288191E-06 -5.8386359460E-06  1.5780558851E-04 -8.6998751473E-05
 -1.0185461030E-03  9.9714301856E-07 -1.8069654968E-06 -9.9205883306E-06 -7.4577191948E-04  7.6534250051E-05
 -6.8990281199E-04 -2.7587539081E-07  6.8815564401E-07  8.7208094873E-08  2.1947422504E-06  2.2405561053E-06
  7.4421677863E-07
